Date: 2013-05-10 Time: 15:14:52

Log statistics for channel: 0
Data frames: 10532
Error frames: 0
Overload frames: 0
Max bus load: 19%

Log statistics for channel: 1
Data frames: 0
Error frames: 0
Overload frames: 0
Max bus load: 0%

Log statistics for channel: 2
Data frames: 0
Error frames: 0
Overload frames: 0
Max bus load: 0%

Log statistics for channel: 3
Data frames: 0
Error frames: 0
Overload frames: 0
Max bus load: 0%

Ch	No	TIME	TYPE	ID	DLC	MSG
0	8533	7,8846	Std	8	1	[03]
0	8534	7,8848	Std	10	6	[00, 03, 01, EB, 66, 9E]
0	8535	7,8887	Std	281	4	[01, D7, A7, 5D]
0	8536	7,8888	Std	0	1	[55]
0	8537	7,8891	Std	211	6	[02, 03, 01, EB, 61, AC]
0	8538	7,8895	Std	8	1	[03]
0	8539	7,8897	Std	10	6	[00, 03, 01, EB, 67, F5]
0	8540	7,8937	Std	281	4	[01, D7, A7, 5D]
0	8541	7,8938	Std	0	1	[55]
0	8542	7,8941	Std	211	6	[01, 03, 01, EB, 63, 04]
0	8543	7,8946	Std	8	1	[03]
0	8544	7,8948	Std	10	6	[00, 03, 01, EB, 69, 4C]
0	8545	7,8987	Std	281	4	[01, D7, A7, 5D]
0	8546	7,8988	Std	0	1	[55]
0	8547	7,8991	Std	211	6	[02, 03, 01, EB, 64, 5C]
0	8548	7,8995	Std	8	1	[03]
0	8549	7,8997	Std	10	6	[00, 03, 01, EB, 6A, A3]
0	8550	7,9016	Std	209	3	[03, FF, FF]
0	8551	7,9037	Std	281	4	[01, D7, A7, 5D]
0	8552	7,9038	Std	0	1	[55]
0	8553	7,9041	Std	211	6	[00, 03, 01, EB, 65, B5]
0	8554	7,9046	Std	8	1	[03]
0	8555	7,9048	Std	10	6	[00, 03, 01, EB, 6B, FB]
0	8556	7,9087	Std	281	4	[01, D8, A7, 5D]
0	8557	7,9088	Std	0	1	[55]
0	8558	7,9091	Std	211	6	[02, 03, 01, EB, 67, 0C]
0	8559	7,9095	Std	8	1	[03]
0	8560	7,9097	Std	10	6	[00, 03, 01, EB, 6D, 52]
0	8561	7,9137	Std	281	4	[01, D7, A7, 5D]
0	8562	7,9138	Std	0	1	[55]
0	8563	7,9141	Std	211	6	[00, 03, 01, EB, 68, 64]
0	8564	7,9146	Std	8	1	[03]
0	8565	7,9148	Std	10	6	[00, 03, 01, EB, 6E, A9]
0	8566	7,9187	Std	281	4	[01, D8, A7, 5D]
0	8567	7,9188	Std	0	1	[55]
0	8568	7,9191	Std	211	6	[02, 03, 01, EB, 69, BA]
0	8569	7,9195	Std	8	1	[03]
0	8570	7,9197	Std	10	6	[00, 03, 01, EB, 70, 00]
0	8571	7,9199	Std	410	4	[1D, 9D, 03, 49]
0	8572	7,9202	Std	411	4	[1D, 9D, 03, 49]
0	8573	7,9220	Std	209	3	[03, FF, FF]
0	8574	7,9237	Std	281	4	[01, D7, A7, 5D]
0	8575	7,9238	Std	0	1	[55]
0	8576	7,9241	Std	211	6	[01, 03, 01, EB, 6B, 12]
0	8577	7,9246	Std	8	1	[03]
0	8578	7,9248	Std	10	6	[00, 03, 01, EB, 71, 58]
0	8579	7,9287	Std	281	4	[01, D7, A7, 5D]
0	8580	7,9288	Std	0	1	[55]
0	8581	7,9291	Std	211	6	[02, 03, 01, EB, 6C, 67]
0	8582	7,9295	Std	8	1	[03]
0	8583	7,9297	Std	10	6	[00, 03, 01, EB, 72, AF]
0	8584	7,9337	Std	281	4	[01, D7, A7, 5D]
0	8585	7,9338	Std	0	1	[55]
0	8586	7,9341	Std	211	6	[01, 03, 01, EB, 6D, BD]
0	8587	7,9346	Std	8	1	[03]
0	8588	7,9348	Std	10	6	[00, 03, 01, EB, 74, 06]
0	8589	7,9387	Std	281	4	[01, D7, A7, 5D]
0	8590	7,9388	Std	0	1	[55]
0	8591	7,9391	Std	211	6	[02, 03, 01, EB, 6F, 14]
0	8592	7,9395	Std	8	1	[03]
0	8593	7,9397	Std	10	6	[00, 03, 01, EB, 75, 5D]
0	8594	7,9424	Std	209	3	[03, FF, FF]
0	8595	7,9437	Std	281	4	[01, D7, A7, 5D]
0	8596	7,9438	Std	0	1	[55]
0	8597	7,9441	Std	211	6	[01, 03, 01, EB, 70, 6C]
0	8598	7,9446	Std	8	1	[03]
0	8599	7,9448	Std	10	6	[00, 03, 01, EB, 76, B4]
0	8600	7,9487	Std	281	4	[01, D7, A7, 5E]
0	8601	7,9488	Std	0	1	[55]
0	8602	7,9491	Std	211	6	[02, 03, 01, EB, 71, C3]
0	8603	7,9495	Std	8	1	[03]
0	8604	7,9497	Std	10	6	[00, 03, 01, EB, 78, 0C]
0	8605	7,9499	Std	408	4	[00, 63, 00, 16]
0	8606	7,9504	Std	409	4	[00, 16, 00, B8]
0	8607	7,9537	Std	281	4	[01, D7, A7, 5D]
0	8608	7,9538	Std	0	1	[55]
0	8609	7,9541	Std	211	6	[00, 03, 01, EB, 73, 1B]
0	8610	7,9546	Std	8	1	[03]
0	8611	7,9548	Std	10	6	[00, 03, 01, EB, 79, 63]
0	8612	7,9587	Std	281	4	[01, D7, A7, 5D]
0	8613	7,9588	Std	0	1	[55]
0	8614	7,9591	Std	211	6	[02, 03, 01, EB, 74, 73]
0	8615	7,9595	Std	8	1	[03]
0	8616	7,9597	Std	10	6	[00, 03, 01, EB, 7A, BA]
0	8617	7,9628	Std	209	3	[03, FF, FF]
0	8618	7,9637	Std	281	4	[01, D7, A7, 5D]
0	8619	7,9638	Std	0	1	[55]
0	8620	7,9641	Std	211	6	[01, 03, 01, EB, 75, CB]
0	8621	7,9646	Std	8	1	[03]
0	8622	7,9648	Std	10	6	[00, 03, 01, EB, 7C, 11]
0	8623	7,9687	Std	281	4	[01, D7, A7, 5D]
0	8624	7,9688	Std	0	1	[55]
0	8625	7,9691	Std	211	6	[02, 03, 01, EB, 77, 21]
0	8626	7,9695	Std	8	1	[03]
0	8627	7,9697	Std	10	6	[00, 03, 01, EB, 7D, 69]
0	8628	7,9737	Std	281	4	[01, D7, A7, 5D]
0	8629	7,9738	Std	0	1	[55]
0	8630	7,9741	Std	211	6	[01, 03, 01, EB, 78, 79]
0	8631	7,9746	Std	8	1	[03]
0	8632	7,9748	Std	10	6	[00, 03, 01, EB, 7E, C0]
0	8633	7,9749	Std	410	4	[FF, 1C, 00, 00]
0	8634	7,9752	Std	411	4	[FF, 1C, 03, DD]
0	8635	7,9787	Std	281	4	[01, D8, A7, 5D]
0	8636	7,9788	Std	0	1	[55]
0	8637	7,9791	Std	211	6	[02, 03, 01, EB, 79, CF]
0	8638	7,9795	Std	8	1	[03]
0	8639	7,9797	Std	10	6	[00, 03, 01, EB, 80, 17]
0	8640	7,9832	Std	209	3	[03, FF, FF]
0	8641	7,9837	Std	281	4	[01, D7, A7, 5D]
0	8642	7,9838	Std	0	1	[55]
0	8643	7,9841	Std	211	6	[01, 03, 01, EB, 7B, 26]
0	8644	7,9846	Std	8	1	[03]
0	8645	7,9848	Std	10	6	[00, 03, 01, EB, 81, 6E]
0	8646	7,9887	Std	281	4	[01, D7, A7, 5D]
0	8647	7,9888	Std	0	1	[55]
0	8648	7,9891	Std	211	6	[02, 03, 01, EB, 7C, 7D]
0	8649	7,9895	Std	8	1	[03]
0	8650	7,9897	Std	10	6	[00, 03, 01, EB, 82, C5]
0	8651	7,9937	Std	281	4	[01, D7, A7, 5E]
0	8652	7,9938	Std	0	1	[55]
0	8653	7,9941	Std	211	6	[01, 03, 01, EB, 7D, D5]
0	8654	7,9946	Std	8	1	[03]
0	8655	7,9948	Std	10	6	[00, 03, 01, EB, 84, 1D]
0	8656	7,9987	Std	281	4	[01, D7, A7, 5D]
0	8657	7,9988	Std	0	1	[55]
0	8658	7,9991	Std	211	6	[02, 03, 01, EB, 7F, 2B]
0	8659	7,9995	Std	8	1	[03]
0	8660	7,9997	Std	10	6	[00, 03, 01, EB, 85, 74]
0	8661	8,0037	Std	209	3	[03, FF, FF]
0	8662	8,0038	Std	0	1	[55]
0	8663	8,0039	Std	281	4	[01, D7, A7, 5D]
0	8664	8,0042	Std	211	6	[01, 03, 01, EB, 80, 83]
0	8665	8,0046	Std	8	1	[03]
0	8666	8,0048	Std	10	6	[00, 03, 01, EB, 86, CB]
0	8667	8,0087	Std	281	4	[01, D7, A7, 5D]
0	8668	8,0088	Std	0	1	[55]
0	8669	8,0091	Std	211	6	[02, 03, 01, EB, 81, D9]
0	8670	8,0095	Std	8	1	[03]
0	8671	8,0097	Std	10	6	[00, 03, 01, EB, 88, 22]
0	8672	8,0137	Std	281	4	[01, D7, A7, 5D]
0	8673	8,0138	Std	0	1	[55]
0	8674	8,0141	Std	211	6	[01, 03, 01, EB, 83, 32]
0	8675	8,0146	Std	8	1	[03]
0	8676	8,0148	Std	10	6	[00, 03, 01, EB, 89, 79]
0	8677	8,0187	Std	281	4	[01, D7, A7, 5D]
0	8678	8,0188	Std	0	1	[55]
0	8679	8,0191	Std	211	6	[02, 03, 01, EB, 84, 8A]
0	8680	8,0195	Std	8	1	[03]
0	8681	8,0197	Std	10	6	[00, 03, 01, EB, 8A, D1]
0	8682	8,0237	Std	281	4	[01, D7, A7, 5D]
0	8683	8,0238	Std	0	1	[55]
0	8684	8,0241	Std	211	6	[01, 03, 01, EB, 85, E2]
0	8685	8,0242	Std	209	3	[03, FF, FF]
0	8686	8,0246	Std	8	1	[03]
0	8687	8,0248	Std	10	6	[00, 03, 01, EB, 8C, 28]
0	8688	8,0249	Std	410	4	[1D, 9D, 04, 61]
0	8689	8,0252	Std	411	4	[1D, 9D, 04, 61]
0	8690	8,0287	Std	281	4	[01, D7, A7, 5D]
0	8691	8,0288	Std	0	1	[55]
0	8692	8,0291	Std	211	6	[02, 03, 01, EB, 87, 38]
0	8693	8,0295	Std	80	1	[01]
0	8694	8,0297	Std	8	1	[03]
0	8695	8,0299	Std	10	6	[00, 03, 01, EB, 8D, 7F]
0	8696	8,0337	Std	281	4	[01, D7, A7, 5D]
0	8697	8,0338	Std	0	1	[55]
0	8698	8,0341	Std	211	6	[01, 03, 01, EB, 88, 91]
0	8699	8,0346	Std	8	1	[03]
0	8700	8,0348	Std	10	6	[00, 03, 01, EB, 8E, D6]
0	8701	8,0387	Std	281	4	[01, D7, A7, 5D]
0	8702	8,0388	Std	0	1	[55]
0	8703	8,0391	Std	211	6	[02, 03, 01, EB, 89, E8]
0	8704	8,0395	Std	8	1	[03]
0	8705	8,0397	Std	10	6	[00, 03, 01, EB, 90, 2E]
0	8706	8,0437	Std	281	4	[01, D7, A7, 5D]
0	8707	8,0438	Std	0	1	[55]
0	8708	8,0441	Std	211	6	[01, 03, 01, EB, 8B, 3E]
0	8709	8,0445	Std	209	3	[03, FF, FF]
0	8710	8,0446	Std	8	1	[03]
0	8711	8,0448	Std	10	6	[00, 03, 01, EB, 91, 85]
0	8712	8,0487	Std	281	4	[01, D7, A7, 5D]
0	8713	8,0488	Std	0	1	[55]
0	8714	8,0491	Std	211	6	[02, 03, 01, EB, 8C, 93]
0	8715	8,0495	Std	8	1	[03]
0	8716	8,0497	Std	10	6	[00, 03, 01, EB, 92, DC]
0	8717	8,0537	Std	281	4	[01, D7, A7, 5D]
0	8718	8,0538	Std	0	1	[55]
0	8719	8,0541	Std	211	6	[01, 03, 01, EB, 8D, EB]
0	8720	8,0546	Std	8	1	[03]
0	8721	8,0548	Std	10	6	[00, 03, 01, EB, 94, 33]
0	8722	8,0587	Std	281	4	[01, D7, A7, 5D]
0	8723	8,0588	Std	0	1	[55]
0	8724	8,0591	Std	211	6	[02, 03, 01, EB, 8F, 41]
0	8725	8,0595	Std	8	1	[03]
0	8726	8,0597	Std	10	6	[00, 03, 01, EB, 95, 8A]
0	8727	8,0637	Std	281	4	[01, D7, A7, 5D]
0	8728	8,0638	Std	0	1	[55]
0	8729	8,0641	Std	211	6	[01, 03, 01, EB, 90, 99]
0	8730	8,0646	Std	8	1	[03]
0	8731	8,0648	Std	10	6	[00, 03, 01, EB, 96, E2]
0	8732	8,0649	Std	209	3	[03, FF, FF]
0	8733	8,0687	Std	281	4	[01, D8, A7, 5E]
0	8734	8,0688	Std	0	1	[55]
0	8735	8,0691	Std	211	6	[02, 03, 01, EB, 91, F1]
0	8736	8,0695	Std	8	1	[03]
0	8737	8,0697	Std	10	6	[00, 03, 01, EB, 98, 39]
0	8738	8,0737	Std	281	4	[01, D7, A7, 5D]
0	8739	8,0738	Std	0	1	[55]
0	8740	8,0741	Std	211	6	[00, 03, 01, EB, 93, 4A]
0	8741	8,0746	Std	8	1	[03]
0	8742	8,0748	Std	10	6	[00, 03, 01, EB, 99, 90]
0	8743	8,0787	Std	281	4	[01, D7, A7, 5D]
0	8744	8,0788	Std	0	1	[55]
0	8745	8,0791	Std	211	6	[02, 03, 01, EB, 94, A1]
0	8746	8,0795	Std	8	1	[03]
0	8747	8,0797	Std	10	6	[00, 03, 01, EB, 9A, E7]
0	8748	8,0837	Std	281	4	[01, D7, A7, 5D]
0	8749	8,0838	Std	0	1	[55]
0	8750	8,0841	Std	211	6	[01, 03, 01, EB, 95, F8]
0	8751	8,0845	Std	8	1	[03]
0	8752	8,0848	Std	10	6	[00, 03, 01, EB, 9C, 3F]
0	8753	8,0853	Std	209	3	[03, FF, FF]
0	8754	8,0887	Std	281	4	[01, D7, A7, 5D]
0	8755	8,0888	Std	0	1	[55]
0	8756	8,0891	Std	211	6	[02, 03, 01, EB, 97, 4E]
0	8757	8,0895	Std	8	1	[03]
0	8758	8,0897	Std	10	6	[00, 03, 01, EB, 9D, 96]
0	8759	8,0937	Std	281	4	[01, D7, A7, 5D]
0	8760	8,0938	Std	0	1	[55]
0	8761	8,0941	Std	211	6	[01, 03, 01, EB, 98, A6]
0	8762	8,0946	Std	8	1	[03]
0	8763	8,0948	Std	10	6	[00, 03, 01, EB, 9E, ED]
0	8764	8,0987	Std	281	4	[01, D7, A7, 5D]
0	8765	8,0988	Std	0	1	[55]
0	8766	8,0991	Std	211	6	[02, 03, 01, EB, 99, FC]
0	8767	8,0995	Std	8	1	[03]
0	8768	8,0997	Std	10	6	[00, 03, 01, EB, A0, 44]
0	8769	8,1037	Std	281	4	[01, D7, A7, 5E]
0	8770	8,1038	Std	0	1	[55]
0	8771	8,1041	Std	211	6	[01, 03, 01, EB, 9B, 53]
0	8772	8,1045	Std	8	1	[03]
0	8773	8,1048	Std	10	6	[00, 03, 01, EB, A1, 9B]
0	8774	8,1057	Std	209	3	[03, FF, FF]
0	8775	8,1087	Std	281	4	[01, D7, A7, 5D]
0	8776	8,1088	Std	0	1	[55]
0	8777	8,1091	Std	211	6	[02, 03, 01, EB, 9C, AA]
0	8778	8,1095	Std	8	1	[03]
0	8779	8,1097	Std	10	6	[00, 03, 01, EB, A2, F3]
0	8780	8,1137	Std	281	4	[01, D7, A7, 5D]
0	8781	8,1138	Std	0	1	[55]
0	8782	8,1141	Std	211	6	[01, 03, 01, EB, 9E, 02]
0	8783	8,1146	Std	8	1	[03]
0	8784	8,1148	Std	10	6	[00, 03, 01, EB, A4, 4A]
0	8785	8,1187	Std	281	4	[01, D7, A7, 5D]
0	8786	8,1188	Std	0	1	[55]
0	8787	8,1191	Std	211	6	[02, 03, 01, EB, 9F, 58]
0	8788	8,1195	Std	8	1	[03]
0	8789	8,1197	Std	10	6	[00, 03, 01, EB, A5, A1]
0	8790	8,1237	Std	281	4	[01, D7, A7, 5D]
0	8791	8,1238	Std	0	1	[55]
0	8792	8,1241	Std	211	6	[01, 03, 01, EB, A0, B0]
0	8793	8,1245	Std	8	1	[03]
0	8794	8,1248	Std	10	6	[00, 03, 01, EB, A6, F8]
0	8795	8,1261	Std	209	3	[03, FF, FF]
0	8796	8,1287	Std	281	4	[01, D7, A7, 5E]
0	8797	8,1288	Std	0	1	[55]
0	8798	8,1291	Std	211	6	[02, 03, 01, EB, A2, 07]
0	8799	8,1295	Std	8	1	[03]
0	8800	8,1297	Std	10	6	[00, 03, 01, EB, A8, 50]
0	8801	8,1299	Std	410	4	[1D, 9D, 03, 55]
0	8802	8,1302	Std	411	4	[1D, 9D, 03, 55]
0	8803	8,1337	Std	281	4	[01, D7, A7, 5D]
0	8804	8,1338	Std	0	1	[55]
0	8805	8,1341	Std	211	6	[00, 03, 01, EB, A3, 60]
0	8806	8,1346	Std	8	1	[03]
0	8807	8,1348	Std	10	6	[00, 03, 01, EB, A9, A7]
0	8808	8,1387	Std	281	4	[01, D7, A7, 5D]
0	8809	8,1388	Std	0	1	[55]
0	8810	8,1391	Std	211	6	[01, 03, 01, EB, A4, B8]
0	8811	8,1395	Std	8	1	[03]
0	8812	8,1397	Std	10	6	[00, 03, 01, EB, AA, FE]
0	8813	8,1437	Std	281	4	[01, D7, A7, 5D]
0	8814	8,1438	Std	0	1	[55]
0	8815	8,1441	Std	211	6	[00, 03, 01, EB, A6, 0F]
0	8816	8,1445	Std	8	1	[03]
0	8817	8,1447	Std	10	6	[00, 03, 01, EB, AC, 55]
0	8818	8,1464	Std	209	3	[03, FF, FF]
0	8819	8,1487	Std	281	4	[01, D7, A7, 5D]
0	8820	8,1488	Std	0	1	[55]
0	8821	8,1491	Std	211	6	[02, 03, 01, EB, A7, 66]
0	8822	8,1495	Std	8	1	[03]
0	8823	8,1497	Std	10	6	[00, 03, 01, EB, AD, AC]
0	8824	8,1537	Std	281	4	[01, D7, A7, 5D]
0	8825	8,1538	Std	0	1	[55]
0	8826	8,1541	Std	211	6	[00, 03, 01, EB, A8, BE]
0	8827	8,1545	Std	8	1	[03]
0	8828	8,1548	Std	10	6	[00, 03, 01, EB, AF, 04]
0	8829	8,1587	Std	281	4	[01, D7, A7, 5D]
0	8830	8,1588	Std	0	1	[55]
0	8831	8,1591	Std	211	6	[02, 03, 01, EB, AA, 13]
0	8832	8,1595	Std	8	1	[03]
0	8833	8,1597	Std	10	6	[00, 03, 01, EB, B0, 5B]
0	8834	8,1637	Std	281	4	[01, D7, A7, 5D]
0	8835	8,1638	Std	0	1	[55]
0	8836	8,1641	Std	211	6	[01, 03, 01, EB, AB, 69]
0	8837	8,1645	Std	8	1	[03]
0	8838	8,1648	Std	10	6	[00, 03, 01, EB, B1, B2]
0	8839	8,1668	Std	209	3	[03, FF, FF]
0	8840	8,1687	Std	281	4	[01, D7, A7, 5D]
0	8841	8,1688	Std	0	1	[55]
0	8842	8,1691	Std	211	6	[02, 03, 01, EB, AC, BF]
0	8843	8,1695	Std	8	1	[03]
0	8844	8,1697	Std	10	6	[00, 03, 01, EB, B3, 09]
0	8845	8,1737	Std	281	4	[01, D7, A7, 5D]
0	8846	8,1738	Std	0	1	[55]
0	8847	8,1741	Std	211	6	[01, 03, 01, EB, AE, 18]
0	8848	8,1745	Std	8	1	[03]
0	8849	8,1747	Std	10	6	[00, 03, 01, EB, B4, 61]
0	8850	8,1787	Std	281	4	[01, D7, A7, 5D]
0	8851	8,1788	Std	0	1	[55]
0	8852	8,1791	Std	211	6	[02, 03, 01, EB, AF, 6E]
0	8853	8,1795	Std	8	1	[03]
0	8854	8,1797	Std	10	6	[00, 03, 01, EB, B5, B8]
0	8855	8,1837	Std	281	4	[01, D7, A7, 5D]
0	8856	8,1838	Std	0	1	[55]
0	8857	8,1841	Std	211	6	[01, 03, 01, EB, B0, C6]
0	8858	8,1845	Std	8	1	[03]
0	8859	8,1848	Std	10	6	[00, 03, 01, EB, B7, 0F]
0	8860	8,1872	Std	209	3	[03, FF, FF]
0	8861	8,1887	Std	281	4	[01, D7, A7, 5D]
0	8862	8,1888	Std	0	1	[55]
0	8863	8,1891	Std	211	6	[02, 03, 01, EB, B2, 1E]
0	8864	8,1895	Std	8	1	[03]
0	8865	8,1897	Std	10	6	[00, 03, 01, EB, B8, 66]
0	8866	8,1937	Std	281	4	[01, D7, A7, 5D]
0	8867	8,1938	Std	0	1	[55]
0	8868	8,1941	Std	211	6	[00, 03, 01, EB, B3, 77]
0	8869	8,1945	Std	8	1	[03]
0	8870	8,1948	Std	10	6	[00, 03, 01, EB, B9, BD]
0	8871	8,1987	Std	281	4	[01, D7, A7, 5D]
0	8872	8,1988	Std	0	1	[55]
0	8873	8,1991	Std	211	6	[02, 03, 01, EB, B4, CD]
0	8874	8,1995	Std	8	1	[03]
0	8875	8,1997	Std	10	6	[00, 03, 01, EB, BB, 15]
0	8876	8,2037	Std	281	4	[01, D7, A7, 5E]
0	8877	8,2038	Std	0	1	[55]
0	8878	8,2041	Std	211	6	[01, 03, 01, EB, B6, 24]
0	8879	8,2045	Std	8	1	[03]
0	8880	8,2047	Std	10	6	[00, 03, 01, EB, BC, 6C]
0	8881	8,2049	Std	408	4	[00, 63, 00, 17]
0	8882	8,2055	Std	409	4	[00, 17, 00, 2D]
0	8883	8,2077	Std	209	3	[03, FF, FF]
0	8884	8,2087	Std	281	4	[01, D7, A7, 5D]
0	8885	8,2088	Std	0	1	[55]
0	8886	8,2091	Std	211	6	[02, 03, 01, EB, B7, 7B]
0	8887	8,2095	Std	8	1	[03]
0	8888	8,2098	Std	10	6	[00, 03, 01, EB, BD, C3]
0	8889	8,2137	Std	281	4	[01, D7, A7, 5D]
0	8890	8,2138	Std	0	1	[55]
0	8891	8,2141	Std	211	6	[01, 03, 01, EB, B8, D2]
0	8892	8,2145	Std	8	1	[03]
0	8893	8,2148	Std	10	6	[00, 03, 01, EB, BF, 1A]
0	8894	8,2187	Std	281	4	[01, D7, A7, 5D]
0	8895	8,2188	Std	0	1	[55]
0	8896	8,2191	Std	211	6	[02, 03, 01, EB, BA, 28]
0	8897	8,2195	Std	8	1	[03]
0	8898	8,2197	Std	10	6	[00, 03, 01, EB, C0, 72]
0	8899	8,2237	Std	281	4	[01, D7, A7, 5D]
0	8900	8,2238	Std	0	1	[55]
0	8901	8,2241	Std	211	6	[01, 03, 01, EB, BB, 80]
0	8902	8,2245	Std	8	1	[03]
0	8903	8,2247	Std	10	6	[00, 03, 01, EB, C1, C9]
0	8904	8,2280	Std	209	3	[03, FF, FF]
0	8905	8,2287	Std	281	4	[01, D7, A7, 5D]
0	8906	8,2288	Std	0	1	[55]
0	8907	8,2291	Std	211	6	[02, 03, 01, EB, BC, D6]
0	8908	8,2295	Std	8	1	[03]
0	8909	8,2297	Std	10	6	[00, 03, 01, EB, C3, 20]
0	8910	8,2337	Std	281	4	[01, D7, A7, 5D]
0	8911	8,2338	Std	0	1	[55]
0	8912	8,2341	Std	211	6	[01, 03, 01, EB, BE, 2E]
0	8913	8,2345	Std	8	1	[03]
0	8914	8,2347	Std	10	6	[00, 03, 01, EB, C4, 77]
0	8915	8,2349	Std	410	4	[1D, 9D, 03, 44]
0	8916	8,2352	Std	411	4	[1D, 9D, 03, 44]
0	8917	8,2387	Std	281	4	[01, D7, A7, 5D]
0	8918	8,2388	Std	0	1	[55]
0	8919	8,2391	Std	211	6	[02, 03, 01, EB, BF, 85]
0	8920	8,2395	Std	8	1	[03]
0	8921	8,2397	Std	10	6	[00, 03, 01, EB, C5, CE]
0	8922	8,2437	Std	281	4	[01, D7, A7, 5D]
0	8923	8,2438	Std	0	1	[55]
0	8924	8,2441	Std	211	6	[01, 03, 01, EB, C0, DE]
0	8925	8,2445	Std	8	1	[03]
0	8926	8,2448	Std	10	6	[00, 03, 01, EB, C7, 26]
0	8927	8,2485	Std	209	3	[03, FF, FF]
0	8928	8,2487	Std	281	4	[01, D7, A7, 5D]
0	8929	8,2488	Std	0	1	[55]
0	8930	8,2491	Std	211	6	[02, 03, 01, EB, C2, 36]
0	8931	8,2495	Std	8	1	[03]
0	8932	8,2497	Std	10	6	[00, 03, 01, EB, C8, 7D]
0	8933	8,2537	Std	281	4	[01, D7, A7, 5D]
0	8934	8,2538	Std	0	1	[55]
0	8935	8,2541	Std	211	6	[00, 03, 01, EB, C3, 8E]
0	8936	8,2545	Std	8	1	[03]
0	8937	8,2547	Std	10	6	[00, 03, 01, EB, C9, D4]
0	8938	8,2587	Std	281	4	[01, D7, A7, 5D]
0	8939	8,2588	Std	0	1	[55]
0	8940	8,2591	Std	211	6	[02, 03, 01, EB, C4, E4]
0	8941	8,2595	Std	8	1	[03]
0	8942	8,2597	Std	10	6	[00, 03, 01, EB, CB, 2B]
0	8943	8,2637	Std	281	4	[01, D7, A7, 5E]
0	8944	8,2638	Std	0	1	[55]
0	8945	8,2641	Std	211	6	[00, 03, 01, EB, C6, 3D]
0	8946	8,2645	Std	8	1	[03]
0	8947	8,2648	Std	10	6	[00, 03, 01, EB, CC, 83]
0	8948	8,2687	Std	281	4	[01, D7, A7, 5D]
0	8949	8,2688	Std	0	1	[55]
0	8950	8,2690	Std	209	3	[03, FF, FF]
0	8951	8,2692	Std	211	6	[02, 03, 01, EB, C7, 93]
0	8952	8,2695	Std	8	1	[03]
0	8953	8,2697	Std	10	6	[00, 03, 01, EB, CD, DA]
0	8954	8,2737	Std	281	4	[01, D7, A7, 5D]
0	8955	8,2738	Std	0	1	[55]
0	8956	8,2741	Std	211	6	[01, 03, 01, EB, C8, EA]
0	8957	8,2746	Std	8	1	[03]
0	8958	8,2748	Std	10	6	[00, 03, 01, EB, CF, 31]
0	8959	8,2787	Std	281	4	[01, D7, A7, 5D]
0	8960	8,2788	Std	0	1	[55]
0	8961	8,2791	Std	211	6	[02, 03, 01, EB, CA, 3E]
0	8962	8,2795	Std	8	1	[03]
0	8963	8,2797	Std	10	6	[00, 03, 01, EB, D0, 88]
0	8964	8,2837	Std	281	4	[01, D7, A7, 5D]
0	8965	8,2838	Std	0	1	[55]
0	8966	8,2841	Std	211	6	[00, 03, 01, EB, CB, 97]
0	8967	8,2845	Std	8	1	[03]
0	8968	8,2847	Std	10	6	[00, 03, 01, EB, D1, DF]
0	8969	8,2887	Std	281	4	[01, D7, A7, 5D]
0	8970	8,2888	Std	0	1	[55]
0	8971	8,2891	Std	211	6	[02, 03, 01, EB, CC, ED]
0	8972	8,2893	Std	209	3	[03, FF, FF]
0	8973	8,2895	Std	8	1	[03]
0	8974	8,2897	Std	10	6	[00, 03, 01, EB, D3, 37]
0	8975	8,2937	Std	281	4	[01, D7, A7, 5D]
0	8976	8,2938	Std	0	1	[55]
0	8977	8,2941	Std	211	6	[01, 03, 01, EB, CE, 45]
0	8978	8,2946	Std	8	1	[03]
0	8979	8,2948	Std	10	6	[00, 03, 01, EB, D4, 8E]
0	8980	8,2987	Std	281	4	[01, D7, A7, 5D]
0	8981	8,2988	Std	0	1	[55]
0	8982	8,2991	Std	211	6	[02, 03, 01, EB, CF, 9C]
0	8983	8,2995	Std	8	1	[03]
0	8984	8,2997	Std	10	6	[00, 03, 01, EB, D5, E5]
0	8985	8,3037	Std	281	4	[01, D7, A7, 5D]
0	8986	8,3038	Std	0	1	[55]
0	8987	8,3041	Std	211	6	[00, 03, 01, EB, D0, F6]
0	8988	8,3045	Std	8	1	[03]
0	8989	8,3047	Std	10	6	[00, 03, 01, EB, D7, 3C]
0	8990	8,3087	Std	281	4	[01, D7, A7, 5D]
0	8991	8,3088	Std	0	1	[55]
0	8992	8,3091	Std	211	6	[02, 03, 01, EB, D2, 4D]
0	8993	8,3095	Std	8	1	[03]
0	8994	8,3097	Std	10	6	[00, 03, 01, EB, D8, 94]
0	8995	8,3099	Std	209	3	[03, FF, FF]
0	8996	8,3137	Std	281	4	[01, D7, A7, 5D]
0	8997	8,3138	Std	0	1	[55]
0	8998	8,3141	Std	211	6	[01, 03, 01, EB, D3, A4]
0	8999	8,3146	Std	8	1	[03]
0	9000	8,3148	Std	10	6	[00, 03, 01, EB, D9, EB]
0	9001	8,3187	Std	281	4	[01, D7, A7, 5D]
0	9002	8,3188	Std	0	1	[55]
0	9003	8,3191	Std	211	6	[02, 03, 01, EB, D4, FA]
0	9004	8,3195	Std	8	1	[03]
0	9005	8,3197	Std	10	6	[00, 03, 01, EB, DB, 42]
0	9006	8,3237	Std	281	4	[01, D7, A7, 5D]
0	9007	8,3238	Std	0	1	[55]
0	9008	8,3241	Std	211	6	[00, 03, 01, EB, D6, 52]
0	9009	8,3245	Std	8	1	[03]
0	9010	8,3247	Std	10	6	[00, 03, 01, EB, DC, 99]
0	9011	8,3287	Std	281	4	[01, D8, A7, 5D]
0	9012	8,3288	Std	0	1	[55]
0	9013	8,3291	Std	211	6	[02, 03, 01, EB, D7, A8]
0	9014	8,3295	Std	8	1	[03]
0	9015	8,3297	Std	10	6	[00, 03, 01, EB, DD, F0]
0	9016	8,3301	Std	209	3	[03, FF, FF]
0	9017	8,3337	Std	281	4	[01, D7, A7, 5D]
0	9018	8,3338	Std	0	1	[55]
0	9019	8,3341	Std	211	6	[01, 03, 01, EB, D8, FF]
0	9020	8,3346	Std	8	1	[03]
0	9021	8,3348	Std	10	6	[00, 03, 01, EB, DF, 48]
0	9022	8,3387	Std	281	4	[01, D7, A7, 5D]
0	9023	8,3388	Std	0	1	[55]
0	9024	8,3391	Std	211	6	[02, 03, 01, EB, DA, 55]
0	9025	8,3395	Std	8	1	[03]
0	9026	8,3397	Std	10	6	[00, 03, 01, EB, E0, 9F]
0	9027	8,3399	Std	410	4	[1D, 9D, 03, 41]
0	9028	8,3402	Std	411	4	[1D, 9D, 03, 41]
0	9029	8,3437	Std	281	4	[01, D7, A7, 5D]
0	9030	8,3438	Std	0	1	[55]
0	9031	8,3441	Std	211	6	[01, 03, 01, EB, DB, AE]
0	9032	8,3446	Std	8	1	[03]
0	9033	8,3448	Std	10	6	[00, 03, 01, EB, E1, F6]
0	9034	8,3487	Std	281	4	[01, D7, A7, 5D]
0	9035	8,3488	Std	0	1	[55]
0	9036	8,3491	Std	211	6	[02, 03, 01, EB, DD, 04]
0	9037	8,3495	Std	8	1	[03]
0	9038	8,3497	Std	10	6	[00, 03, 01, EB, E3, 4D]
0	9039	8,3505	Std	209	3	[03, FF, FF]
0	9040	8,3537	Std	281	4	[01, D7, A7, 5D]
0	9041	8,3538	Std	0	1	[55]
0	9042	8,3541	Std	211	6	[01, 03, 01, EB, DE, 5D]
0	9043	8,3546	Std	8	1	[03]
0	9044	8,3548	Std	10	6	[00, 03, 01, EB, E4, A5]
0	9045	8,3587	Std	281	4	[01, D7, A7, 5D]
0	9046	8,3588	Std	0	1	[55]
0	9047	8,3591	Std	211	6	[02, 03, 01, EB, DF, B4]
0	9048	8,3595	Std	8	1	[03]
0	9049	8,3597	Std	10	6	[00, 03, 01, EB, E5, FC]
0	9050	8,3637	Std	281	4	[01, D7, A7, 5D]
0	9051	8,3638	Std	0	1	[55]
0	9052	8,3641	Std	211	6	[00, 03, 01, EB, E1, 0D]
0	9053	8,3645	Std	8	1	[03]
0	9054	8,3647	Std	10	6	[00, 03, 01, EB, E7, 53]
0	9055	8,3687	Std	281	4	[01, D7, A7, 5D]
0	9056	8,3688	Std	0	1	[55]
0	9057	8,3691	Std	211	6	[02, 03, 01, EB, E2, 64]
0	9058	8,3695	Std	8	1	[03]
0	9059	8,3697	Std	10	6	[00, 03, 01, EB, E8, AA]
0	9060	8,3708	Std	209	3	[03, FF, FF]
0	9061	8,3737	Std	281	4	[01, D8, A7, 5E]
0	9062	8,3738	Std	0	1	[55]
0	9063	8,3741	Std	211	6	[01, 03, 01, EB, E3, BC]
0	9064	8,3746	Std	8	1	[03]
0	9065	8,3749	Std	10	6	[00, 03, 01, EB, EA, 01]
0	9066	8,3787	Std	281	4	[01, D7, A7, 5D]
0	9067	8,3788	Std	0	1	[55]
0	9068	8,3791	Std	211	6	[02, 03, 01, EB, E5, 13]
0	9069	8,3795	Std	8	1	[03]
0	9070	8,3797	Std	10	6	[00, 03, 01, EB, EB, 59]
0	9071	8,3837	Std	281	4	[01, D7, A7, 5D]
0	9072	8,3838	Std	0	1	[55]
0	9073	8,3841	Std	211	6	[01, 03, 01, EB, E6, 6A]
0	9074	8,3845	Std	8	1	[03]
0	9075	8,3847	Std	10	6	[00, 03, 01, EB, EC, B0]
0	9076	8,3887	Std	281	4	[01, D7, A7, 5D]
0	9077	8,3888	Std	0	1	[55]
0	9078	8,3891	Std	211	6	[02, 03, 01, EB, E7, BF]
0	9079	8,3895	Std	8	1	[03]
0	9080	8,3897	Std	10	6	[00, 03, 01, EB, EE, 07]
0	9081	8,3912	Std	209	3	[03, FF, FF]
0	9082	8,3937	Std	281	4	[01, D7, A7, 5D]
0	9083	8,3938	Std	0	1	[55]
0	9084	8,3941	Std	211	6	[01, 03, 01, EB, E9, 16]
0	9085	8,3946	Std	8	1	[03]
0	9086	8,3948	Std	10	6	[00, 03, 01, EB, EF, 5E]
0	9087	8,3987	Std	281	4	[01, D7, A7, 5D]
0	9088	8,3988	Std	0	1	[55]
0	9089	8,3991	Std	211	6	[02, 03, 01, EB, EA, 6C]
0	9090	8,3996	Std	8	1	[03]
0	9091	8,3998	Std	10	6	[00, 03, 01, EB, F0, B6]
0	9092	8,4037	Std	281	4	[01, D7, A7, 5D]
0	9093	8,4038	Std	0	1	[55]
0	9094	8,4041	Std	211	6	[01, 03, 01, EB, EB, C4]
0	9095	8,4046	Std	8	1	[03]
0	9096	8,4048	Std	10	6	[00, 03, 01, EB, F2, 0D]
0	9097	8,4049	Std	0	1	[55]
0	9098	8,4053	Std	211	6	[01, 03, 01, EB, EC, 16]
0	9099	8,4087	Std	281	4	[01, D7, A7, 5D]
0	9100	8,4095	Std	8	1	[03]
0	9101	8,4097	Std	10	6	[00, 03, 01, EB, F3, 64]
0	9102	8,4098	Std	0	1	[55]
0	9103	8,4101	Std	211	6	[03, 03, 01, EB, ED, 59]
0	9104	8,4116	Std	209	3	[03, FF, FF]
0	9105	8,4137	Std	281	4	[01, D7, A7, 5D]
0	9106	8,4152	Std	8	1	[03]
0	9107	8,4154	Std	10	6	[00, 03, 01, EB, F4, BB]
0	9108	8,4187	Std	281	4	[01, D7, A7, 5D]
0	9109	8,4194	Std	0	1	[55]
0	9110	8,4197	Std	211	6	[08, 03, 01, EB, F0, 44]
0	9111	8,4202	Std	8	1	[03]
0	9112	8,4204	Std	10	6	[00, 03, 01, EB, F6, 12]
0	9113	8,4237	Std	281	4	[01, D7, A7, 5D]
0	9114	8,4244	Std	0	1	[55]
0	9115	8,4247	Std	211	6	[04, 03, 01, EB, F2, 11]
0	9116	8,4252	Std	8	1	[03]
0	9117	8,4254	Std	10	6	[00, 03, 01, EB, F7, 6A]
0	9118	8,4287	Std	281	4	[01, D7, A7, 5D]
0	9119	8,4294	Std	0	1	[55]
0	9120	8,4297	Std	211	6	[1F, 03, 01, EB, F3, 9C]
0	9121	8,4302	Std	8	1	[03]
0	9122	8,4304	Std	10	6	[00, 03, 01, EB, F8, C1]
0	9123	8,4321	Std	209	3	[03, 12, 7A]
0	9124	8,4337	Std	281	4	[01, D7, A7, 5D]
0	9125	8,4344	Std	0	1	[55]
0	9126	8,4347	Std	211	6	[02, 03, 01, EB, F4, 9E]
0	9127	8,4352	Std	80	1	[01]
0	9128	8,4353	Std	8	1	[03]
0	9129	8,4356	Std	10	6	[00, 03, 01, EB, FA, 18]
0	9130	8,4387	Std	281	4	[01, D8, A7, 5D]
0	9131	8,4394	Std	0	1	[55]
0	9132	8,4397	Std	211	6	[06, 03, 01, EB, F5, 95]
0	9133	8,4402	Std	8	1	[03]
0	9134	8,4404	Std	10	6	[00, 03, 01, EB, FB, 6F]
0	9135	8,4437	Std	281	4	[01, D7, A7, 5D]
0	9136	8,4444	Std	0	1	[55]
0	9137	8,4447	Std	211	6	[03, 03, 01, EB, F6, C8]
0	9138	8,4452	Std	8	1	[03]
0	9139	8,4454	Std	10	6	[00, 03, 01, EB, FC, C7]
0	9140	8,4456	Std	410	4	[1D, 9D, 03, 34]
0	9141	8,4458	Std	411	4	[1D, 9D, 03, 34]
0	9142	8,4487	Std	281	4	[01, D7, A7, 5D]
0	9143	8,4494	Std	0	1	[55]
0	9144	8,4497	Std	211	6	[02, 03, 01, EB, F8, 04]
0	9145	8,4502	Std	8	1	[03]
0	9146	8,4504	Std	10	6	[00, 03, 01, EB, FE, 1E]
0	9147	8,4525	Std	209	3	[03, 11, C4]
0	9148	8,4537	Std	281	4	[01, D7, A7, 5D]
0	9149	8,4544	Std	0	1	[55]
0	9150	8,4547	Std	211	6	[08, 03, 01, EB, F9, 2E]
0	9151	8,4552	Std	8	1	[03]
0	9152	8,4554	Std	10	6	[00, 03, 01, EB, FF, 75]
0	9153	8,4587	Std	281	4	[01, D7, A7, 5D]
0	9154	8,4594	Std	0	1	[55]
0	9155	8,4597	Std	211	6	[05, 03, 01, EB, FA, 72]
0	9156	8,4602	Std	8	1	[03]
0	9157	8,4604	Std	10	6	[00, 03, 01, EC, 00, CC]
0	9158	8,4606	Std	408	4	[00, 63, 00, 16]
0	9159	8,4610	Std	409	4	[00, 16, 00, B7]
0	9160	8,4637	Std	281	4	[01, D7, A7, 5D]
0	9161	8,4644	Std	0	1	[55]
0	9162	8,4647	Std	211	6	[03, 03, 01, EB, FB, D0]
0	9163	8,4652	Std	8	1	[03]
0	9164	8,4654	Std	10	6	[00, 03, 01, EC, 02, 23]
0	9165	8,4687	Std	281	4	[01, D7, A7, 5D]
0	9166	8,4694	Std	0	1	[55]
0	9167	8,4697	Std	211	6	[01, 03, 01, EB, FD, 29]
0	9168	8,4702	Std	8	1	[03]
0	9169	8,4704	Std	10	6	[00, 03, 01, EC, 03, 7B]
0	9170	8,4728	Std	209	3	[03, 11, C0]
0	9171	8,4737	Std	281	4	[01, D7, A7, 5D]
0	9172	8,4744	Std	0	1	[55]
0	9173	8,4747	Std	211	6	[04, 03, 01, EB, FE, 7A]
0	9174	8,4752	Std	8	1	[03]
0	9175	8,4754	Std	10	6	[00, 03, 01, EC, 04, D2]
0	9176	8,4787	Std	281	4	[01, D7, A7, 5D]
0	9177	8,4794	Std	0	1	[55]
0	9178	8,4797	Std	211	6	[00, 03, 01, EB, FF, D9]
0	9179	8,4802	Std	8	1	[03]
0	9180	8,4804	Std	10	6	[00, 03, 01, EC, 06, 29]
0	9181	8,4806	Std	410	4	[FF, 1C, 00, 00]
0	9182	8,4808	Std	411	4	[FF, 1C, 03, DD]
0	9183	8,4837	Std	281	4	[01, D7, A7, 5D]
0	9184	8,4844	Std	0	1	[55]
0	9185	8,4847	Std	211	6	[01, 03, 01, EC, 01, 38]
0	9186	8,4852	Std	8	1	[03]
0	9187	8,4855	Std	10	6	[00, 03, 01, EC, 07, 80]
0	9188	8,4887	Std	281	4	[01, D7, A7, 5D]
0	9189	8,4894	Std	0	1	[55]
0	9190	8,4897	Std	211	6	[01, 03, 01, EC, 02, 8F]
0	9191	8,4902	Std	8	1	[03]
0	9192	8,4904	Std	10	6	[00, 03, 01, EC, 08, D7]
0	9193	8,4933	Std	209	3	[03, 12, 15]
0	9194	8,4937	Std	281	4	[01, D7, A7, 5D]
0	9195	8,4944	Std	0	1	[55]
0	9196	8,4947	Std	211	6	[03, 03, 01, EC, 03, E4]
0	9197	8,4952	Std	8	1	[03]
0	9198	8,4955	Std	10	6	[00, 03, 01, EC, 0A, 2F]
0	9199	8,4987	Std	281	4	[01, D7, A7, 5D]
0	9200	8,4994	Std	0	1	[55]
0	9201	8,4997	Std	211	6	[00, 03, 01, EC, 05, 40]
0	9202	8,5002	Std	8	1	[03]
0	9203	8,5004	Std	10	6	[00, 03, 01, EC, 0B, 86]
0	9204	8,5037	Std	281	4	[01, D7, A7, 5D]
0	9205	8,5044	Std	0	1	[55]
0	9206	8,5047	Std	211	6	[02, 03, 01, EC, 06, 95]
0	9207	8,5052	Std	8	1	[03]
0	9208	8,5054	Std	10	6	[00, 03, 01, EC, 0C, DD]
0	9209	8,5087	Std	281	4	[01, D7, A7, 5E]
0	9210	8,5094	Std	0	1	[55]
0	9211	8,5097	Std	211	6	[02, 03, 01, EC, 07, E7]
0	9212	8,5102	Std	8	1	[03]
0	9213	8,5104	Std	10	6	[00, 03, 01, EC, 0E, 34]
0	9214	8,5136	Std	209	3	[03, 13, 74]
0	9215	8,5138	Std	281	4	[01, D7, A7, 5D]
0	9216	8,5144	Std	0	1	[55]
0	9217	8,5147	Std	211	6	[03, 03, 01, EC, 09, 3E]
0	9218	8,5152	Std	8	1	[03]
0	9219	8,5154	Std	10	6	[00, 03, 01, EC, 0F, 8C]
0	9220	8,5187	Std	281	4	[01, D8, A7, 5D]
0	9221	8,5194	Std	0	1	[55]
0	9222	8,5197	Std	211	6	[00, 03, 01, EC, 0A, 9A]
0	9223	8,5202	Std	8	1	[03]
0	9224	8,5204	Std	10	6	[00, 03, 01, EC, 10, E3]
0	9225	8,5237	Std	281	4	[01, D7, A7, 5D]
0	9226	8,5244	Std	0	1	[55]
0	9227	8,5247	Std	211	6	[02, 03, 01, EC, 0B, EF]
0	9228	8,5252	Std	8	1	[03]
0	9229	8,5254	Std	10	6	[00, 03, 01, EC, 12, 3A]
0	9230	8,5287	Std	281	4	[01, D7, A7, 5E]
0	9231	8,5294	Std	0	1	[55]
0	9232	8,5297	Std	211	6	[01, 03, 01, EC, 0D, 46]
0	9233	8,5302	Std	8	1	[03]
0	9234	8,5304	Std	10	6	[00, 03, 01, EC, 13, 91]
0	9235	8,5337	Std	281	4	[01, D7, A7, 5D]
0	9236	8,5340	Std	209	3	[03, FF, FF]
0	9237	8,5344	Std	0	1	[55]
0	9238	8,5347	Std	211	6	[02, 03, 01, EC, 0E, A0]
0	9239	8,5352	Std	8	1	[03]
0	9240	8,5354	Std	10	6	[00, 03, 01, EC, 14, E8]
0	9241	8,5387	Std	281	4	[01, D7, A7, 5D]
0	9242	8,5394	Std	0	1	[55]
0	9243	8,5397	Std	211	6	[00, 03, 01, EC, 0F, FA]
0	9244	8,5402	Std	8	1	[03]
0	9245	8,5404	Std	10	6	[00, 03, 01, EC, 16, 40]
0	9246	8,5437	Std	281	4	[01, D7, A7, 5E]
0	9247	8,5444	Std	0	1	[55]
0	9248	8,5447	Std	211	6	[02, 03, 01, EC, 11, 4E]
0	9249	8,5452	Std	8	1	[03]
0	9250	8,5454	Std	10	6	[00, 03, 01, EC, 17, 97]
0	9251	8,5487	Std	281	4	[01, D7, A7, 5D]
0	9252	8,5494	Std	0	1	[55]
0	9253	8,5497	Std	211	6	[01, 03, 01, EC, 12, A6]
0	9254	8,5502	Std	8	1	[03]
0	9255	8,5504	Std	10	6	[00, 03, 01, EC, 18, EE]
0	9256	8,5506	Std	410	4	[1D, 9D, 03, 3E]
0	9257	8,5508	Std	411	4	[1D, 9D, 03, 3E]
0	9258	8,5537	Std	281	4	[01, D7, A7, 5D]
0	9259	8,5544	Std	0	1	[55]
0	9260	8,5546	Std	209	3	[03, FF, FF]
0	9261	8,5548	Std	211	6	[01, 03, 01, EC, 13, FD]
0	9262	8,5552	Std	8	1	[03]
0	9263	8,5555	Std	10	6	[00, 03, 01, EC, 1A, 45]
0	9264	8,5587	Std	281	4	[01, D7, A7, 5D]
0	9265	8,5594	Std	0	1	[55]
0	9266	8,5597	Std	211	6	[01, 03, 01, EC, 15, 54]
0	9267	8,5602	Std	8	1	[03]
0	9268	8,5604	Std	10	6	[00, 03, 01, EC, 1B, 9D]
0	9269	8,5637	Std	281	4	[01, D7, A7, 5D]
0	9270	8,5644	Std	0	1	[55]
0	9271	8,5647	Std	211	6	[02, 03, 01, EC, 16, A9]
0	9272	8,5652	Std	8	1	[03]
0	9273	8,5654	Std	10	6	[00, 03, 01, EC, 1C, F4]
0	9274	8,5687	Std	281	4	[01, D7, A7, 5D]
0	9275	8,5694	Std	0	1	[55]
0	9276	8,5697	Std	211	6	[01, 03, 01, EC, 18, 01]
0	9277	8,5702	Std	8	1	[03]
0	9278	8,5704	Std	10	6	[00, 03, 01, EC, 1E, 4B]
0	9279	8,5737	Std	281	4	[01, D7, A7, 5D]
0	9280	8,5744	Std	0	1	[55]
0	9281	8,5747	Std	211	6	[02, 03, 01, EC, 19, 59]
0	9282	8,5749	Std	209	3	[03, FF, FF]
0	9283	8,5752	Std	8	1	[03]
0	9284	8,5754	Std	10	6	[00, 03, 01, EC, 1F, A2]
0	9285	8,5787	Std	281	4	[01, D7, A7, 5D]
0	9286	8,5794	Std	0	1	[55]
0	9287	8,5797	Std	211	6	[01, 03, 01, EC, 1A, B1]
0	9288	8,5802	Std	8	1	[03]
0	9289	8,5804	Std	10	6	[00, 03, 01, EC, 20, F9]
0	9290	8,5837	Std	281	4	[01, D7, A7, 5D]
0	9291	8,5844	Std	0	1	[55]
0	9292	8,5847	Std	211	6	[02, 03, 01, EC, 1C, 07]
0	9293	8,5852	Std	8	1	[03]
0	9294	8,5854	Std	10	6	[00, 03, 01, EC, 22, 51]
0	9295	8,5887	Std	281	4	[01, D7, A7, 5D]
0	9296	8,5894	Std	0	1	[55]
0	9297	8,5897	Std	211	6	[01, 03, 01, EC, 1D, 60]
0	9298	8,5902	Std	8	1	[03]
0	9299	8,5904	Std	10	6	[00, 03, 01, EC, 23, A8]
0	9300	8,5937	Std	281	4	[01, D7, A7, 5D]
0	9301	8,5944	Std	0	1	[55]
0	9302	8,5947	Std	211	6	[02, 03, 01, EC, 1E, B8]
0	9303	8,5953	Std	209	3	[03, FF, FF]
0	9304	8,5954	Std	8	1	[03]
0	9305	8,5956	Std	10	6	[00, 03, 01, EC, 24, FF]
0	9306	8,5987	Std	281	4	[01, D7, A7, 5D]
0	9307	8,5994	Std	0	1	[55]
0	9308	8,5997	Std	211	6	[00, 03, 01, EC, 20, 10]
0	9309	8,6002	Std	8	1	[03]
0	9310	8,6004	Std	10	6	[00, 03, 01, EC, 26, 56]
0	9311	8,6037	Std	281	4	[01, D7, A7, 5D]
0	9312	8,6044	Std	0	1	[55]
0	9313	8,6047	Std	211	6	[02, 03, 01, EC, 21, 67]
0	9314	8,6052	Std	8	1	[03]
0	9315	8,6054	Std	10	6	[00, 03, 01, EC, 27, AE]
0	9316	8,6087	Std	281	4	[01, D7, A7, 5D]
0	9317	8,6094	Std	0	1	[55]
0	9318	8,6097	Std	211	6	[01, 03, 01, EC, 22, C0]
0	9319	8,6102	Std	8	1	[03]
0	9320	8,6104	Std	10	6	[00, 03, 01, EC, 29, 05]
0	9321	8,6137	Std	281	4	[01, D7, A7, 5E]
0	9322	8,6144	Std	0	1	[55]
0	9323	8,6147	Std	211	6	[02, 03, 01, EC, 24, 16]
0	9324	8,6152	Std	8	1	[03]
0	9325	8,6154	Std	10	6	[00, 03, 01, EC, 2A, 5C]
0	9326	8,6157	Std	209	3	[03, FF, FF]
0	9327	8,6187	Std	281	4	[01, D7, A7, 5D]
0	9328	8,6194	Std	0	1	[55]
0	9329	8,6197	Std	211	6	[01, 03, 01, EC, 25, 6C]
0	9330	8,6202	Std	8	1	[03]
0	9331	8,6204	Std	10	6	[00, 03, 01, EC, 2B, B3]
0	9332	8,6237	Std	281	4	[01, D7, A7, 5D]
0	9333	8,6244	Std	0	1	[55]
0	9334	8,6247	Std	211	6	[02, 03, 01, EC, 26, C2]
0	9335	8,6252	Std	8	1	[03]
0	9336	8,6254	Std	10	6	[00, 03, 01, EC, 2D, 0A]
0	9337	8,6287	Std	281	4	[01, D7, A7, 5D]
0	9338	8,6294	Std	0	1	[55]
0	9339	8,6297	Std	211	6	[01, 03, 01, EC, 28, 19]
0	9340	8,6302	Std	8	1	[03]
0	9341	8,6304	Std	10	6	[00, 03, 01, EC, 2E, 62]
0	9342	8,6337	Std	281	4	[01, D7, A7, 5E]
0	9343	8,6344	Std	0	1	[55]
0	9344	8,6347	Std	211	6	[02, 03, 01, EC, 29, 70]
0	9345	8,6352	Std	8	1	[03]
0	9346	8,6354	Std	10	6	[00, 03, 01, EC, 2F, B9]
0	9347	8,6360	Std	209	3	[03, FF, FF]
0	9348	8,6387	Std	281	4	[01, D7, A7, 5D]
0	9349	8,6394	Std	0	1	[55]
0	9350	8,6397	Std	211	6	[01, 03, 01, EC, 2A, C7]
0	9351	8,6402	Std	8	1	[03]
0	9352	8,6404	Std	10	6	[00, 03, 01, EC, 31, 10]
0	9353	8,6437	Std	281	4	[01, D7, A7, 5D]
0	9354	8,6444	Std	0	1	[55]
0	9355	8,6447	Std	211	6	[02, 03, 01, EC, 2C, 1F]
0	9356	8,6452	Std	8	1	[03]
0	9357	8,6454	Std	10	6	[00, 03, 01, EC, 32, 67]
0	9358	8,6487	Std	281	4	[01, D7, A7, 5D]
0	9359	8,6494	Std	0	1	[55]
0	9360	8,6497	Std	211	6	[00, 03, 01, EC, 2D, 78]
0	9361	8,6502	Std	8	1	[03]
0	9362	8,6504	Std	10	6	[00, 03, 01, EC, 33, BF]
0	9363	8,6537	Std	281	4	[01, D7, A7, 5D]
0	9364	8,6544	Std	0	1	[55]
0	9365	8,6547	Std	211	6	[02, 03, 01, EC, 2E, CF]
0	9366	8,6552	Std	8	1	[03]
0	9367	8,6554	Std	10	6	[00, 03, 01, EC, 35, 16]
0	9368	8,6556	Std	410	4	[1D, 9D, 03, 31]
0	9369	8,6558	Std	411	4	[1D, 9D, 03, 31]
0	9370	8,6565	Std	209	3	[03, FF, FF]
0	9371	8,6587	Std	281	4	[01, D7, A7, 5D]
0	9372	8,6594	Std	0	1	[55]
0	9373	8,6597	Std	211	6	[01, 03, 01, EC, 30, 26]
0	9374	8,6602	Std	8	1	[03]
0	9375	8,6604	Std	10	6	[00, 03, 01, EC, 36, 6D]
0	9376	8,6637	Std	281	4	[01, D7, A7, 5D]
0	9377	8,6644	Std	0	1	[55]
0	9378	8,6647	Std	211	6	[02, 03, 01, EC, 31, 7D]
0	9379	8,6652	Std	8	1	[03]
0	9380	8,6654	Std	10	6	[00, 03, 01, EC, 37, C4]
0	9381	8,6687	Std	281	4	[01, D6, A7, 5D]
0	9382	8,6694	Std	0	1	[55]
0	9383	8,6697	Std	211	6	[01, 03, 01, EC, 32, D5]
0	9384	8,6702	Std	8	1	[03]
0	9385	8,6704	Std	10	6	[00, 03, 01, EC, 39, 1B]
0	9386	8,6737	Std	281	4	[01, D7, A7, 5D]
0	9387	8,6744	Std	0	1	[55]
0	9388	8,6747	Std	211	6	[02, 03, 01, EC, 34, 2B]
0	9389	8,6752	Std	8	1	[03]
0	9390	8,6754	Std	10	6	[00, 03, 01, EC, 3A, 73]
0	9391	8,6768	Std	209	3	[03, FF, FF]
0	9392	8,6787	Std	281	4	[01, D7, A7, 5D]
0	9393	8,6794	Std	0	1	[55]
0	9394	8,6797	Std	211	6	[01, 03, 01, EC, 35, 81]
0	9395	8,6802	Std	8	1	[03]
0	9396	8,6804	Std	10	6	[00, 03, 01, EC, 3B, CA]
0	9397	8,6837	Std	281	4	[01, D7, A7, 5D]
0	9398	8,6844	Std	0	1	[55]
0	9399	8,6847	Std	211	6	[02, 03, 01, EC, 36, D8]
0	9400	8,6852	Std	8	1	[03]
0	9401	8,6854	Std	10	6	[00, 03, 01, EC, 3D, 21]
0	9402	8,6887	Std	281	4	[01, D7, A7, 5D]
0	9403	8,6894	Std	0	1	[55]
0	9404	8,6897	Std	211	6	[01, 03, 01, EC, 38, 30]
0	9405	8,6902	Std	8	1	[03]
0	9406	8,6904	Std	10	6	[00, 03, 01, EC, 3E, 78]
0	9407	8,6937	Std	281	4	[01, D7, A7, 5E]
0	9408	8,6944	Std	0	1	[55]
0	9409	8,6947	Std	211	6	[02, 03, 01, EC, 39, 86]
0	9410	8,6952	Std	8	1	[03]
0	9411	8,6954	Std	10	6	[00, 03, 01, EC, 3F, D0]
0	9412	8,6972	Std	209	3	[03, FF, FF]
0	9413	8,6987	Std	281	4	[01, D7, A7, 5D]
0	9414	8,6994	Std	0	1	[55]
0	9415	8,6997	Std	211	6	[01, 03, 01, EC, 3A, DE]
0	9416	8,7002	Std	8	1	[03]
0	9417	8,7004	Std	10	6	[00, 03, 01, EC, 41, 27]
0	9418	8,7037	Std	281	4	[01, D7, A7, 5D]
0	9419	8,7044	Std	0	1	[55]
0	9420	8,7047	Std	211	6	[02, 03, 01, EC, 3C, 35]
0	9421	8,7052	Std	8	1	[03]
0	9422	8,7054	Std	10	6	[00, 03, 01, EC, 42, 7E]
0	9423	8,7087	Std	281	4	[01, D7, A7, 5D]
0	9424	8,7094	Std	0	1	[55]
0	9425	8,7097	Std	211	6	[01, 03, 01, EC, 3D, 8E]
0	9426	8,7102	Std	8	1	[03]
0	9427	8,7104	Std	10	6	[00, 03, 01, EC, 43, D5]
0	9428	8,7137	Std	281	4	[01, D7, A7, 5D]
0	9429	8,7144	Std	0	1	[55]
0	9430	8,7147	Std	211	6	[02, 03, 01, EC, 3E, E5]
0	9431	8,7152	Std	8	1	[03]
0	9432	8,7154	Std	10	6	[00, 03, 01, EC, 45, 2C]
0	9433	8,7156	Std	408	4	[00, 63, 00, 17]
0	9434	8,7160	Std	409	4	[00, 17, 00, 2D]
0	9435	8,7178	Std	209	3	[03, FF, FF]
0	9436	8,7187	Std	281	4	[01, D7, A7, 5D]
0	9437	8,7194	Std	0	1	[55]
0	9438	8,7197	Std	211	6	[01, 03, 01, EC, 40, 3E]
0	9439	8,7202	Std	8	1	[03]
0	9440	8,7204	Std	10	6	[00, 03, 01, EC, 46, 84]
0	9441	8,7237	Std	281	4	[01, D7, A7, 5D]
0	9442	8,7244	Std	0	1	[55]
0	9443	8,7247	Std	211	6	[02, 03, 01, EC, 41, 94]
0	9444	8,7252	Std	8	1	[03]
0	9445	8,7254	Std	10	6	[00, 03, 01, EC, 47, DB]
0	9446	8,7287	Std	281	4	[01, D7, A7, 5D]
0	9447	8,7294	Std	0	1	[55]
0	9448	8,7297	Std	211	6	[00, 03, 01, EC, 42, EC]
0	9449	8,7302	Std	8	1	[03]
0	9450	8,7304	Std	10	6	[00, 03, 01, EC, 49, 32]
0	9451	8,7337	Std	281	4	[01, D8, A7, 5D]
0	9452	8,7344	Std	0	1	[55]
0	9453	8,7347	Std	211	6	[02, 03, 01, EC, 44, 41]
0	9454	8,7352	Std	8	1	[03]
0	9455	8,7354	Std	10	6	[00, 03, 01, EC, 4A, 89]
0	9456	8,7381	Std	209	3	[03, FF, FF]
0	9457	8,7387	Std	281	4	[01, D7, A7, 5D]
0	9458	8,7394	Std	0	1	[55]
0	9459	8,7397	Std	211	6	[01, 03, 01, EC, 45, 98]
0	9460	8,7402	Std	8	1	[03]
0	9461	8,7404	Std	10	6	[00, 03, 01, EC, 4B, E1]
0	9462	8,7437	Std	281	4	[01, D7, A7, 5D]
0	9463	8,7444	Std	0	1	[55]
0	9464	8,7447	Std	211	6	[02, 03, 01, EC, 46, ED]
0	9465	8,7452	Std	8	1	[03]
0	9466	8,7454	Std	10	6	[00, 03, 01, EC, 4D, 38]
0	9467	8,7487	Std	281	4	[01, D7, A7, 5D]
0	9468	8,7494	Std	0	1	[55]
0	9469	8,7497	Std	211	6	[01, 03, 01, EC, 48, 45]
0	9470	8,7502	Std	8	1	[03]
0	9471	8,7504	Std	10	6	[00, 03, 01, EC, 4E, 8F]
0	9472	8,7537	Std	281	4	[01, D7, A7, 5E]
0	9473	8,7544	Std	0	1	[55]
0	9474	8,7547	Std	211	6	[02, 03, 01, EC, 49, 9C]
0	9475	8,7552	Std	8	1	[03]
0	9476	8,7554	Std	10	6	[00, 03, 01, EC, 4F, E6]
0	9477	8,7584	Std	209	3	[03, FF, FF]
0	9478	8,7587	Std	281	4	[01, D7, A7, 5D]
0	9479	8,7594	Std	0	1	[55]
0	9480	8,7597	Std	211	6	[00, 03, 01, EC, 4A, F5]
0	9481	8,7602	Std	8	1	[03]
0	9482	8,7604	Std	10	6	[00, 03, 01, EC, 51, 3D]
0	9483	8,7606	Std	410	4	[1D, 9D, 03, 27]
0	9484	8,7608	Std	411	4	[1D, 9D, 03, 27]
0	9485	8,7637	Std	281	4	[01, D7, A7, 5D]
0	9486	8,7644	Std	0	1	[55]
0	9487	8,7647	Std	211	6	[02, 03, 01, EC, 4C, 4C]
0	9488	8,7652	Std	8	1	[03]
0	9489	8,7654	Std	10	6	[00, 03, 01, EC, 52, 95]
0	9490	8,7687	Std	281	4	[01, D7, A7, 5D]
0	9491	8,7694	Std	0	1	[55]
0	9492	8,7697	Std	211	6	[01, 03, 01, EC, 4D, A5]
0	9493	8,7702	Std	8	1	[03]
0	9494	8,7704	Std	10	6	[00, 03, 01, EC, 53, EC]
0	9495	8,7737	Std	281	4	[01, D7, A7, 5D]
0	9496	8,7744	Std	0	1	[55]
0	9497	8,7747	Std	211	6	[02, 03, 01, EC, 4E, FB]
0	9498	8,7752	Std	8	1	[03]
0	9499	8,7754	Std	10	6	[00, 03, 01, EC, 55, 43]
0	9500	8,7787	Std	281	4	[01, D7, A7, 5D]
0	9501	8,7788	Std	209	3	[03, FF, FF]
0	9502	8,7794	Std	0	1	[55]
0	9503	8,7797	Std	211	6	[01, 03, 01, EC, 50, 53]
0	9504	8,7802	Std	8	1	[03]
0	9505	8,7804	Std	10	6	[00, 03, 01, EC, 56, 9A]
0	9506	8,7837	Std	281	4	[01, D7, A7, 5D]
0	9507	8,7844	Std	0	1	[55]
0	9508	8,7847	Std	211	6	[02, 03, 01, EC, 51, A9]
0	9509	8,7852	Std	8	1	[03]
0	9510	8,7854	Std	10	6	[00, 03, 01, EC, 57, F2]
0	9511	8,7887	Std	281	4	[01, D7, A7, 5D]
0	9512	8,7894	Std	0	1	[55]
0	9513	8,7897	Std	211	6	[01, 03, 01, EC, 53, 00]
0	9514	8,7902	Std	8	1	[03]
0	9515	8,7904	Std	10	6	[00, 03, 01, EC, 59, 49]
0	9516	8,7937	Std	281	4	[01, D7, A7, 5D]
0	9517	8,7944	Std	0	1	[55]
0	9518	8,7947	Std	211	6	[02, 03, 01, EC, 54, 56]
0	9519	8,7952	Std	8	1	[03]
0	9520	8,7954	Std	10	6	[00, 03, 01, EC, 5A, A0]
0	9521	8,7987	Std	281	4	[01, D7, A7, 5D]
0	9522	8,7993	Std	209	3	[03, FF, FF]
0	9523	8,7994	Std	0	1	[55]
0	9524	8,7997	Std	211	6	[01, 03, 01, EC, 55, AE]
0	9525	8,8002	Std	8	1	[03]
0	9526	8,8004	Std	10	6	[00, 03, 01, EC, 5B, F7]
0	9527	8,8037	Std	281	4	[01, D7, A7, 5D]
0	9528	8,8044	Std	0	1	[55]
0	9529	8,8047	Std	211	6	[02, 03, 01, EC, 57, 05]
0	9530	8,8052	Std	8	1	[03]
0	9531	8,8054	Std	10	6	[00, 03, 01, EC, 5D, 4E]
0	9532	8,8087	Std	281	4	[01, D7, A7, 5D]
0	9533	8,8094	Std	0	1	[55]
0	9534	8,8097	Std	211	6	[01, 03, 01, EC, 58, 5D]
0	9535	8,8102	Std	8	1	[03]
0	9536	8,8104	Std	10	6	[00, 03, 01, EC, 5E, A6]
0	9537	8,8137	Std	281	4	[01, D8, A7, 5D]
0	9538	8,8144	Std	0	1	[55]
0	9539	8,8147	Std	211	6	[02, 03, 01, EC, 59, B3]
0	9540	8,8152	Std	8	1	[03]
0	9541	8,8154	Std	10	6	[00, 03, 01, EC, 5F, FD]
0	9542	8,8187	Std	281	4	[01, D6, A7, 5D]
0	9543	8,8194	Std	0	1	[55]
0	9544	8,8197	Std	211	6	[01, 03, 01, EC, 5B, 0C]
0	9545	8,8198	Std	209	3	[03, FF, FF]
0	9546	8,8202	Std	8	1	[03]
0	9547	8,8204	Std	10	6	[00, 03, 01, EC, 61, 54]
0	9548	8,8237	Std	281	4	[01, D7, A7, 5D]
0	9549	8,8244	Std	0	1	[55]
0	9550	8,8247	Std	211	6	[02, 03, 01, EC, 5C, 63]
0	9551	8,8252	Std	8	1	[03]
0	9552	8,8254	Std	10	6	[00, 03, 01, EC, 62, AB]
0	9553	8,8287	Std	281	4	[01, D7, A7, 5D]
0	9554	8,8294	Std	0	1	[55]
0	9555	8,8297	Std	211	6	[00, 03, 01, EC, 5D, BC]
0	9556	8,8302	Std	8	1	[03]
0	9557	8,8304	Std	10	6	[00, 03, 01, EC, 64, 03]
0	9558	8,8337	Std	281	4	[01, D7, A7, 5D]
0	9559	8,8344	Std	0	1	[55]
0	9560	8,8347	Std	211	6	[02, 03, 01, EC, 5F, 13]
0	9561	8,8352	Std	8	1	[03]
0	9562	8,8354	Std	10	6	[00, 03, 01, EC, 65, 5A]
0	9563	8,8387	Std	281	4	[01, D7, A7, 5D]
0	9564	8,8394	Std	0	1	[55]
0	9565	8,8397	Std	211	6	[01, 03, 01, EC, 60, 6B]
0	9566	8,8401	Std	209	3	[03, FF, FF]
0	9567	8,8402	Std	80	1	[01]
0	9568	8,8403	Std	8	1	[03]
0	9569	8,8405	Std	10	6	[00, 03, 01, EC, 66, B1]
0	9570	8,8437	Std	281	4	[01, D7, A7, 5D]
0	9571	8,8444	Std	0	1	[55]
0	9572	8,8447	Std	211	6	[02, 03, 01, EC, 61, C1]
0	9573	8,8452	Std	8	1	[03]
0	9574	8,8454	Std	10	6	[00, 03, 01, EC, 68, 08]
0	9575	8,8487	Std	281	4	[01, D7, A7, 5D]
0	9576	8,8494	Std	0	1	[55]
0	9577	8,8497	Std	211	6	[01, 03, 01, EC, 63, 18]
0	9578	8,8502	Std	8	1	[03]
0	9579	8,8504	Std	10	6	[00, 03, 01, EC, 69, 5F]
0	9580	8,8537	Std	281	4	[01, D7, A7, 5E]
0	9581	8,8544	Std	0	1	[55]
0	9582	8,8547	Std	211	6	[02, 03, 01, EC, 64, 6D]
0	9583	8,8552	Std	8	1	[03]
0	9584	8,8554	Std	10	6	[00, 03, 01, EC, 6A, B7]
0	9585	8,8587	Std	281	4	[01, D7, A7, 5D]
0	9586	8,8594	Std	0	1	[55]
0	9587	8,8597	Std	211	6	[01, 03, 01, EC, 65, C5]
0	9588	8,8602	Std	8	1	[03]
0	9589	8,8604	Std	10	6	[00, 03, 01, EC, 6C, 0E]
0	9590	8,8605	Std	209	3	[03, FF, FF]
0	9591	8,8637	Std	281	4	[01, D7, A7, 5D]
0	9592	8,8644	Std	0	1	[55]
0	9593	8,8647	Std	211	6	[02, 03, 01, EC, 67, 1B]
0	9594	8,8652	Std	8	1	[03]
0	9595	8,8654	Std	10	6	[00, 03, 01, EC, 6D, 65]
0	9596	8,8656	Std	410	4	[1D, 9D, 03, 1F]
0	9597	8,8658	Std	411	4	[1D, 9D, 03, 1F]
0	9598	8,8687	Std	281	4	[01, D7, A7, 5D]
0	9599	8,8694	Std	0	1	[55]
0	9600	8,8697	Std	211	6	[01, 03, 01, EC, 68, 73]
0	9601	8,8702	Std	8	1	[03]
0	9602	8,8704	Std	10	6	[00, 03, 01, EC, 6E, BC]
0	9603	8,8737	Std	281	4	[01, D7, A7, 5D]
0	9604	8,8744	Std	0	1	[55]
0	9605	8,8747	Std	211	6	[02, 03, 01, EC, 69, CA]
0	9606	8,8752	Std	8	1	[03]
0	9607	8,8754	Std	10	6	[00, 03, 01, EC, 70, 14]
0	9608	8,8787	Std	281	4	[01, D7, A7, 5D]
0	9609	8,8794	Std	0	1	[55]
0	9610	8,8797	Std	211	6	[00, 03, 01, EC, 6B, 24]
0	9611	8,8802	Std	8	1	[03]
0	9612	8,8804	Std	10	6	[00, 03, 01, EC, 71, 6B]
0	9613	8,8809	Std	209	3	[03, FF, FF]
0	9614	8,8837	Std	281	4	[01, D7, A7, 5D]
0	9615	8,8844	Std	0	1	[55]
0	9616	8,8847	Std	211	6	[02, 03, 01, EC, 6C, 7B]
0	9617	8,8852	Std	8	1	[03]
0	9618	8,8854	Std	10	6	[00, 03, 01, EC, 72, C2]
0	9619	8,8887	Std	281	4	[01, D7, A7, 5E]
0	9620	8,8894	Std	0	1	[55]
0	9621	8,8897	Std	211	6	[00, 03, 01, EC, 6D, D2]
0	9622	8,8902	Std	8	1	[03]
0	9623	8,8904	Std	10	6	[00, 03, 01, EC, 74, 19]
0	9624	8,8937	Std	281	4	[01, D7, A7, 5D]
0	9625	8,8944	Std	0	1	[55]
0	9626	8,8947	Std	211	6	[02, 03, 01, EC, 6F, 28]
0	9627	8,8952	Std	8	1	[03]
0	9628	8,8954	Std	10	6	[00, 03, 01, EC, 75, 70]
0	9629	8,8987	Std	281	4	[01, D7, A7, 5D]
0	9630	8,8994	Std	0	1	[55]
0	9631	8,8997	Std	211	6	[01, 03, 01, EC, 70, 81]
0	9632	8,9002	Std	8	1	[03]
0	9633	8,9004	Std	10	6	[00, 03, 01, EC, 76, C8]
0	9634	8,9013	Std	209	3	[03, FF, FF]
0	9635	8,9037	Std	281	4	[01, D7, A7, 5D]
0	9636	8,9044	Std	0	1	[55]
0	9637	8,9047	Std	211	6	[02, 03, 01, EC, 71, D6]
0	9638	8,9052	Std	8	1	[03]
0	9639	8,9054	Std	10	6	[00, 03, 01, EC, 78, 1F]
0	9640	8,9087	Std	281	4	[01, D7, A7, 5D]
0	9641	8,9094	Std	0	1	[55]
0	9642	8,9097	Std	211	6	[01, 03, 01, EC, 73, 2D]
0	9643	8,9102	Std	8	1	[03]
0	9644	8,9104	Std	10	6	[00, 03, 01, EC, 79, 76]
0	9645	8,9137	Std	281	4	[01, D7, A7, 5D]
0	9646	8,9144	Std	0	1	[55]
0	9647	8,9147	Std	211	6	[02, 03, 01, EC, 74, 83]
0	9648	8,9152	Std	8	1	[03]
0	9649	8,9154	Std	10	6	[00, 03, 01, EC, 7A, CD]
0	9650	8,9187	Std	281	4	[01, D7, A7, 5D]
0	9651	8,9194	Std	0	1	[55]
0	9652	8,9197	Std	211	6	[01, 03, 01, EC, 75, DC]
0	9653	8,9202	Std	8	1	[03]
0	9654	8,9204	Std	10	6	[00, 03, 01, EC, 7C, 25]
0	9655	8,9217	Std	209	3	[03, FF, FF]
0	9656	8,9237	Std	281	4	[01, D7, A7, 5D]
0	9657	8,9244	Std	0	1	[55]
0	9658	8,9247	Std	211	6	[02, 03, 01, EC, 77, 33]
0	9659	8,9252	Std	8	1	[03]
0	9660	8,9254	Std	10	6	[00, 03, 01, EC, 7D, 7C]
0	9661	8,9287	Std	281	4	[01, D7, A7, 5D]
0	9662	8,9294	Std	0	1	[55]
0	9663	8,9297	Std	211	6	[01, 03, 01, EC, 78, 8A]
0	9664	8,9302	Std	8	1	[03]
0	9665	8,9304	Std	10	6	[00, 03, 01, EC, 7E, D3]
0	9666	8,9337	Std	281	4	[01, D7, A7, 5E]
0	9667	8,9344	Std	0	1	[55]
0	9668	8,9347	Std	211	6	[02, 03, 01, EC, 79, E1]
0	9669	8,9352	Std	8	1	[03]
0	9670	8,9354	Std	10	6	[00, 03, 01, EC, 80, 2A]
0	9671	8,9387	Std	281	4	[01, D7, A7, 5D]
0	9672	8,9394	Std	0	1	[55]
0	9673	8,9397	Std	211	6	[00, 03, 01, EC, 7B, 3B]
0	9674	8,9402	Std	8	1	[03]
0	9675	8,9404	Std	10	6	[00, 03, 01, EC, 81, 81]
0	9676	8,9421	Std	209	3	[03, FF, FF]
0	9677	8,9437	Std	281	4	[01, D7, A7, 5D]
0	9678	8,9444	Std	0	1	[55]
0	9679	8,9447	Std	211	6	[02, 03, 01, EC, 7C, 91]
0	9680	8,9452	Std	8	1	[03]
0	9681	8,9454	Std	10	6	[00, 03, 01, EC, 82, D9]
0	9682	8,9487	Std	281	4	[01, D8, A7, 5E]
0	9683	8,9494	Std	0	1	[55]
0	9684	8,9497	Std	211	6	[01, 03, 01, EC, 7D, E9]
0	9685	8,9502	Std	8	1	[03]
0	9686	8,9504	Std	10	6	[00, 03, 01, EC, 84, 30]
0	9687	8,9537	Std	281	4	[01, D7, A7, 5D]
0	9688	8,9544	Std	0	1	[55]
0	9689	8,9547	Std	211	6	[02, 03, 01, EC, 7F, 40]
0	9690	8,9552	Std	8	1	[03]
0	9691	8,9554	Std	10	6	[00, 03, 01, EC, 85, 87]
0	9692	8,9587	Std	281	4	[01, D7, A7, 5D]
0	9693	8,9594	Std	0	1	[55]
0	9694	8,9597	Std	211	6	[01, 03, 01, EC, 80, 98]
0	9695	8,9602	Std	8	1	[03]
0	9696	8,9604	Std	10	6	[00, 03, 01, EC, 86, DE]
0	9697	8,9624	Std	209	3	[03, FF, FF]
0	9698	8,9637	Std	281	4	[01, D7, A7, 5D]
0	9699	8,9644	Std	0	1	[55]
0	9700	8,9647	Std	211	6	[02, 03, 01, EC, 81, EE]
0	9701	8,9652	Std	8	1	[03]
0	9702	8,9654	Std	10	6	[00, 03, 01, EC, 88, 35]
0	9703	8,9687	Std	281	4	[01, D7, A7, 5D]
0	9704	8,9694	Std	0	1	[55]
0	9705	8,9697	Std	211	6	[01, 03, 01, EC, 83, 44]
0	9706	8,9702	Std	8	1	[03]
0	9707	8,9704	Std	10	6	[00, 03, 01, EC, 89, 8D]
0	9708	8,9705	Std	408	4	[00, 63, 00, 16]
0	9709	8,9707	Std	410	4	[1D, 9D, 03, 18]
0	9710	8,9710	Std	409	4	[00, 16, 00, B7]
0	9711	8,9711	Std	411	4	[1D, 9D, 03, 18]
0	9712	8,9737	Std	281	4	[01, D7, A7, 5D]
0	9713	8,9744	Std	0	1	[55]
0	9714	8,9747	Std	211	6	[02, 03, 01, EC, 84, 9A]
0	9715	8,9752	Std	8	1	[03]
0	9716	8,9754	Std	10	6	[00, 03, 01, EC, 8A, E4]
0	9717	8,9787	Std	281	4	[01, D8, A7, 5E]
0	9718	8,9794	Std	0	1	[55]
0	9719	8,9797	Std	211	6	[01, 03, 01, EC, 85, F2]
0	9720	8,9802	Std	8	1	[03]
0	9721	8,9804	Std	10	6	[00, 03, 01, EC, 8C, 3B]
0	9722	8,9828	Std	209	3	[03, FF, FF]
0	9723	8,9837	Std	281	4	[01, D7, A7, 5D]
0	9724	8,9844	Std	0	1	[55]
0	9725	8,9847	Std	211	6	[02, 03, 01, EC, 87, 48]
0	9726	8,9852	Std	8	1	[03]
0	9727	8,9854	Std	10	6	[00, 03, 01, EC, 8D, 92]
0	9728	8,9856	Std	410	4	[FF, 1C, 00, 00]
0	9729	8,9858	Std	411	4	[FF, 1C, 03, DD]
0	9730	8,9887	Std	281	4	[01, D7, A7, 5D]
0	9731	8,9894	Std	0	1	[55]
0	9732	8,9897	Std	211	6	[00, 03, 01, EC, 88, A0]
0	9733	8,9902	Std	8	1	[03]
0	9734	8,9904	Std	10	6	[00, 03, 01, EC, 8E, EA]
0	9735	8,9937	Std	281	4	[01, D7, A7, 5D]
0	9736	8,9944	Std	0	1	[55]
0	9737	8,9947	Std	211	6	[02, 03, 01, EC, 89, F8]
0	9738	8,9952	Std	8	1	[03]
0	9739	8,9954	Std	10	6	[00, 03, 01, EC, 90, 41]
0	9740	8,9987	Std	281	4	[01, D7, A7, 5D]
0	9741	8,9994	Std	0	1	[55]
0	9742	8,9997	Std	211	6	[01, 03, 01, EC, 8B, 51]
0	9743	9,0002	Std	8	1	[03]
0	9744	9,0004	Std	10	6	[00, 03, 01, EC, 91, 98]
0	9745	9,0032	Std	209	3	[03, FF, FF]
0	9746	9,0037	Std	281	4	[01, D7, A7, 5D]
0	9747	9,0044	Std	0	1	[55]
0	9748	9,0047	Std	211	6	[02, 03, 01, EC, 8C, A7]
0	9749	9,0052	Std	8	1	[03]
0	9750	9,0054	Std	10	6	[00, 03, 01, EC, 92, EF]
0	9751	9,0087	Std	281	4	[01, D7, A7, 5D]
0	9752	9,0094	Std	0	1	[55]
0	9753	9,0097	Std	211	6	[01, 03, 01, EC, 8D, FE]
0	9754	9,0102	Std	8	1	[03]
0	9755	9,0104	Std	10	6	[00, 03, 01, EC, 94, 46]
0	9756	9,0137	Std	281	4	[01, D7, A7, 5D]
0	9757	9,0144	Std	0	1	[55]
0	9758	9,0147	Std	211	6	[02, 03, 01, EC, 8F, 55]
0	9759	9,0152	Std	8	1	[03]
0	9760	9,0154	Std	10	6	[00, 03, 01, EC, 95, 9E]
0	9761	9,0187	Std	281	4	[01, D7, A7, 5D]
0	9762	9,0194	Std	0	1	[55]
0	9763	9,0197	Std	211	6	[01, 03, 01, EC, 90, AC]
0	9764	9,0202	Std	8	1	[03]
0	9765	9,0204	Std	10	6	[00, 03, 01, EC, 96, F5]
0	9766	9,0236	Std	209	3	[03, FF, FF]
0	9767	9,0237	Std	281	4	[01, D7, A7, 5D]
0	9768	9,0244	Std	0	1	[55]
0	9769	9,0247	Std	211	6	[02, 03, 01, EC, 92, 02]
0	9770	9,0252	Std	8	1	[03]
0	9771	9,0254	Std	10	6	[00, 03, 01, EC, 98, 4C]
0	9772	9,0287	Std	281	4	[01, D7, A7, 5D]
0	9773	9,0294	Std	0	1	[55]
0	9774	9,0297	Std	211	6	[01, 03, 01, EC, 93, 59]
0	9775	9,0302	Std	8	1	[03]
0	9776	9,0304	Std	10	6	[00, 03, 01, EC, 99, A3]
0	9777	9,0337	Std	281	4	[01, D7, A7, 5D]
0	9778	9,0344	Std	0	1	[55]
0	9779	9,0347	Std	211	6	[02, 03, 01, EC, 94, B0]
0	9780	9,0352	Std	8	1	[03]
0	9781	9,0354	Std	10	6	[00, 03, 01, EC, 9A, FB]
0	9782	9,0387	Std	281	4	[01, D7, A7, 5D]
0	9783	9,0394	Std	0	1	[55]
0	9784	9,0397	Std	211	6	[01, 03, 01, EC, 96, 08]
0	9785	9,0402	Std	8	1	[03]
0	9786	9,0404	Std	10	6	[00, 03, 01, EC, 9C, 52]
0	9787	9,0437	Std	281	4	[01, D7, A7, 5D]
0	9788	9,0441	Std	209	3	[03, FF, FF]
0	9789	9,0444	Std	0	1	[55]
0	9790	9,0447	Std	211	6	[02, 03, 01, EC, 97, 5E]
0	9791	9,0452	Std	8	1	[03]
0	9792	9,0454	Std	10	6	[00, 03, 01, EC, 9D, A9]
0	9793	9,0487	Std	281	4	[01, D7, A7, 5D]
0	9794	9,0494	Std	0	1	[55]
0	9795	9,0497	Std	211	6	[01, 03, 01, EC, 98, B7]
0	9796	9,0502	Std	8	1	[03]
0	9797	9,0504	Std	10	6	[00, 03, 01, EC, 9F, 00]
0	9798	9,0537	Std	281	4	[01, D7, A7, 5D]
0	9799	9,0544	Std	0	1	[55]
0	9800	9,0547	Std	211	6	[02, 03, 01, EC, 9A, 0F]
0	9801	9,0552	Std	8	1	[03]
0	9802	9,0554	Std	10	6	[00, 03, 01, EC, A0, 57]
0	9803	9,0587	Std	281	4	[01, D7, A7, 5D]
0	9804	9,0594	Std	0	1	[55]
0	9805	9,0597	Std	211	6	[01, 03, 01, EC, 9B, 68]
0	9806	9,0602	Std	8	1	[03]
0	9807	9,0604	Std	10	6	[00, 03, 01, EC, A1, AF]
0	9808	9,0637	Std	281	4	[01, D7, A7, 5D]
0	9809	9,0644	Std	209	3	[03, FF, FF]
0	9810	9,0645	Std	0	1	[55]
0	9811	9,0649	Std	211	6	[02, 03, 01, EC, 9C, CC]
0	9812	9,0652	Std	8	1	[03]
0	9813	9,0654	Std	10	6	[00, 03, 01, EC, A3, 06]
0	9814	9,0687	Std	281	4	[01, D7, A7, 5D]
0	9815	9,0694	Std	0	1	[55]
0	9816	9,0697	Std	211	6	[01, 03, 01, EC, 9E, 16]
0	9817	9,0702	Std	8	1	[03]
0	9818	9,0704	Std	10	6	[00, 03, 01, EC, A4, 5D]
0	9819	9,0737	Std	281	4	[01, D7, A7, 5D]
0	9820	9,0744	Std	0	1	[55]
0	9821	9,0747	Std	211	6	[02, 03, 01, EC, 9F, 6D]
0	9822	9,0752	Std	8	1	[03]
0	9823	9,0754	Std	10	6	[00, 03, 01, EC, A5, B4]
0	9824	9,0756	Std	410	4	[1D, 9D, 03, 1D]
0	9825	9,0758	Std	411	4	[1D, 9D, 03, 1D]
0	9826	9,0787	Std	281	4	[01, D7, A7, 5E]
0	9827	9,0794	Std	0	1	[55]
0	9828	9,0797	Std	211	6	[01, 03, 01, EC, A0, C4]
0	9829	9,0802	Std	8	1	[03]
0	9830	9,0804	Std	10	6	[00, 03, 01, EC, A7, 0C]
0	9831	9,0837	Std	281	4	[01, D7, A7, 5D]
0	9832	9,0844	Std	0	1	[55]
0	9833	9,0847	Std	211	6	[02, 03, 01, EC, A2, 19]
0	9834	9,0848	Std	209	3	[03, FF, FF]
0	9835	9,0852	Std	8	1	[03]
0	9836	9,0854	Std	10	6	[00, 03, 01, EC, A8, 63]
0	9837	9,0887	Std	281	4	[01, D7, A7, 5D]
0	9838	9,0894	Std	0	1	[55]
0	9839	9,0897	Std	211	6	[01, 03, 01, EC, A3, 71]
0	9840	9,0902	Std	8	1	[03]
0	9841	9,0904	Std	10	6	[00, 03, 01, EC, A9, BA]
0	9842	9,0937	Std	281	4	[01, D7, A7, 5D]
0	9843	9,0944	Std	0	1	[55]
0	9844	9,0947	Std	211	6	[02, 03, 01, EC, A4, C7]
0	9845	9,0952	Std	8	1	[03]
0	9846	9,0954	Std	10	6	[00, 03, 01, EC, AB, 11]
0	9847	9,0987	Std	281	4	[01, D7, A7, 5D]
0	9848	9,0994	Std	0	1	[55]
0	9849	9,0997	Std	211	6	[01, 03, 01, EC, A6, 1F]
0	9850	9,1002	Std	8	1	[03]
0	9851	9,1004	Std	10	6	[00, 03, 01, EC, AC, 68]
0	9852	9,1037	Std	281	4	[01, D7, A7, 5D]
0	9853	9,1044	Std	0	1	[55]
0	9854	9,1047	Std	211	6	[02, 03, 01, EC, A7, 76]
0	9855	9,1052	Std	209	3	[03, FF, FF]
0	9856	9,1053	Std	8	1	[03]
0	9857	9,1055	Std	10	6	[00, 03, 01, EC, AD, C0]
0	9858	9,1087	Std	281	4	[01, D7, A7, 5D]
0	9859	9,1094	Std	0	1	[55]
0	9860	9,1097	Std	211	6	[00, 03, 01, EC, A8, D0]
0	9861	9,1102	Std	8	1	[03]
0	9862	9,1104	Std	10	6	[00, 03, 01, EC, AF, 17]
0	9863	9,1137	Std	281	4	[01, D7, A7, 5D]
0	9864	9,1144	Std	0	1	[55]
0	9865	9,1147	Std	211	6	[02, 03, 01, EC, AA, 27]
0	9866	9,1152	Std	8	1	[03]
0	9867	9,1154	Std	10	6	[00, 03, 01, EC, B0, 6E]
0	9868	9,1187	Std	281	4	[01, D7, A7, 5E]
0	9869	9,1194	Std	0	1	[55]
0	9870	9,1197	Std	211	6	[00, 03, 01, EC, AB, 7E]
0	9871	9,1202	Std	8	1	[03]
0	9872	9,1204	Std	10	6	[00, 03, 01, EC, B1, C5]
0	9873	9,1237	Std	281	4	[01, D7, A7, 5D]
0	9874	9,1244	Std	0	1	[55]
0	9875	9,1247	Std	211	6	[02, 03, 01, EC, AC, D4]
0	9876	9,1252	Std	8	1	[03]
0	9877	9,1254	Std	10	6	[00, 03, 01, EC, B3, 1D]
0	9878	9,1257	Std	209	3	[03, FF, FF]
0	9879	9,1287	Std	281	4	[01, D7, A7, 5D]
0	9880	9,1294	Std	0	1	[55]
0	9881	9,1297	Std	211	6	[01, 03, 01, EC, AE, 2D]
0	9882	9,1302	Std	8	1	[03]
0	9883	9,1304	Std	10	6	[00, 03, 01, EC, B4, 74]
0	9884	9,1337	Std	281	4	[01, D7, A7, 5D]
0	9885	9,1344	Std	0	1	[55]
0	9886	9,1347	Std	211	6	[02, 03, 01, EC, AF, 82]
0	9887	9,1352	Std	8	1	[03]
0	9888	9,1354	Std	10	6	[00, 03, 01, EC, B5, CB]
0	9889	9,1387	Std	281	4	[01, D7, A7, 5D]
0	9890	9,1394	Std	0	1	[55]
0	9891	9,1397	Std	211	6	[01, 03, 01, EC, B0, D9]
0	9892	9,1402	Std	8	1	[03]
0	9893	9,1404	Std	10	6	[00, 03, 01, EC, B7, 22]
0	9894	9,1437	Std	281	4	[01, D7, A7, 5D]
0	9895	9,1444	Std	0	1	[55]
0	9896	9,1447	Std	211	6	[02, 03, 01, EC, B2, 30]
0	9897	9,1452	Std	8	1	[03]
0	9898	9,1454	Std	10	6	[00, 03, 01, EC, B8, 79]
0	9899	9,1460	Std	209	3	[03, FF, FF]
0	9900	9,1487	Std	281	4	[01, D7, A7, 5D]
0	9901	9,1494	Std	0	1	[55]
0	9902	9,1497	Std	211	6	[01, 03, 01, EC, B3, 88]
0	9903	9,1502	Std	8	1	[03]
0	9904	9,1504	Std	10	6	[00, 03, 01, EC, B9, D1]
0	9905	9,1537	Std	281	4	[01, D7, A7, 5D]
0	9906	9,1544	Std	0	1	[55]
0	9907	9,1547	Std	211	6	[02, 03, 01, EC, B4, DE]
0	9908	9,1552	Std	8	1	[03]
0	9909	9,1554	Std	10	6	[00, 03, 01, EC, BB, 28]
0	9910	9,1587	Std	281	4	[01, D7, A7, 5D]
0	9911	9,1594	Std	0	1	[55]
0	9912	9,1597	Std	211	6	[01, 03, 01, EC, B6, 36]
0	9913	9,1602	Std	8	1	[03]
0	9914	9,1604	Std	10	6	[00, 03, 01, EC, BC, 7F]
0	9915	9,1637	Std	281	4	[01, D7, A7, 5D]
0	9916	9,1644	Std	0	1	[55]
0	9917	9,1647	Std	211	6	[02, 03, 01, EC, B7, 8D]
0	9918	9,1652	Std	8	1	[03]
0	9919	9,1654	Std	10	6	[00, 03, 01, EC, BD, D6]
0	9920	9,1664	Std	209	3	[03, FF, FF]
0	9921	9,1687	Std	281	4	[01, D7, A7, 5D]
0	9922	9,1694	Std	0	1	[55]
0	9923	9,1697	Std	211	6	[00, 03, 01, EC, B8, E6]
0	9924	9,1702	Std	8	1	[03]
0	9925	9,1704	Std	10	6	[00, 03, 01, EC, BF, 2E]
0	9926	9,1737	Std	281	4	[01, D7, A7, 5D]
0	9927	9,1744	Std	0	1	[55]
0	9928	9,1747	Std	211	6	[02, 03, 01, EC, BA, 3D]
0	9929	9,1752	Std	8	1	[03]
0	9930	9,1754	Std	10	6	[00, 03, 01, EC, C0, 85]
0	9931	9,1787	Std	281	4	[01, D7, A7, 5D]
0	9932	9,1794	Std	0	1	[55]
0	9933	9,1797	Std	211	6	[01, 03, 01, EC, BB, 95]
0	9934	9,1802	Std	8	1	[03]
0	9935	9,1804	Std	10	6	[00, 03, 01, EC, C1, DC]
0	9936	9,1805	Std	410	4	[1D, 9D, 03, 17]
0	9937	9,1808	Std	411	4	[1D, 9D, 03, 17]
0	9938	9,1837	Std	281	4	[01, D7, A7, 5D]
0	9939	9,1844	Std	0	1	[55]
0	9940	9,1847	Std	211	6	[02, 03, 01, EC, BC, EC]
0	9941	9,1852	Std	8	1	[03]
0	9942	9,1854	Std	10	6	[00, 03, 01, EC, C3, 33]
0	9943	9,1868	Std	209	3	[03, FF, FF]
0	9944	9,1887	Std	281	4	[01, D7, A7, 5D]
0	9945	9,1894	Std	0	1	[55]
0	9946	9,1897	Std	211	6	[00, 03, 01, EC, BE, 45]
0	9947	9,1902	Std	8	1	[03]
0	9948	9,1904	Std	10	6	[00, 03, 01, EC, C4, 8A]
0	9949	9,1937	Std	281	4	[01, D7, A7, 5D]
0	9950	9,1944	Std	0	1	[55]
0	9951	9,1947	Std	211	6	[02, 03, 01, EC, BF, 9A]
0	9952	9,1952	Std	8	1	[03]
0	9953	9,1954	Std	10	6	[00, 03, 01, EC, C5, E2]
0	9954	9,1987	Std	281	4	[01, D7, A7, 5D]
0	9955	9,1994	Std	0	1	[55]
0	9956	9,1997	Std	211	6	[01, 03, 01, EC, C0, F0]
0	9957	9,2002	Std	8	1	[03]
0	9958	9,2004	Std	10	6	[00, 03, 01, EC, C7, 39]
0	9959	9,2037	Std	281	4	[01, D7, A7, 5D]
0	9960	9,2044	Std	0	1	[55]
0	9961	9,2047	Std	211	6	[02, 03, 01, EC, C2, 46]
0	9962	9,2052	Std	8	1	[03]
0	9963	9,2054	Std	10	6	[00, 03, 01, EC, C8, 90]
0	9964	9,2073	Std	209	3	[03, FF, FF]
0	9965	9,2087	Std	281	4	[01, D7, A7, 5D]
0	9966	9,2094	Std	0	1	[55]
0	9967	9,2097	Std	211	6	[01, 03, 01, EC, C3, 9E]
0	9968	9,2102	Std	8	1	[03]
0	9969	9,2104	Std	10	6	[00, 03, 01, EC, C9, E7]
0	9970	9,2137	Std	281	4	[01, D7, A7, 5D]
0	9971	9,2144	Std	0	1	[55]
0	9972	9,2147	Std	211	6	[02, 03, 01, EC, C4, F5]
0	9973	9,2152	Std	8	1	[03]
0	9974	9,2154	Std	10	6	[00, 03, 01, EC, CB, 3F]
0	9975	9,2187	Std	281	4	[01, D7, A7, 5D]
0	9976	9,2194	Std	0	1	[55]
0	9977	9,2197	Std	211	6	[01, 03, 01, EC, C6, 4D]
0	9978	9,2202	Std	8	1	[03]
0	9979	9,2204	Std	10	6	[00, 03, 01, EC, CC, 96]
0	9980	9,2237	Std	281	4	[01, D7, A7, 5E]
0	9981	9,2244	Std	0	1	[55]
0	9982	9,2247	Std	211	6	[02, 03, 01, EC, C7, A5]
0	9983	9,2252	Std	8	1	[03]
0	9984	9,2254	Std	10	6	[00, 03, 01, EC, CD, ED]
0	9985	9,2256	Std	408	4	[00, 63, 00, 17]
0	9986	9,2260	Std	409	4	[00, 17, 00, 2D]
0	9987	9,2276	Std	209	3	[03, FF, FF]
0	9988	9,2287	Std	281	4	[01, D7, A7, 5D]
0	9989	9,2294	Std	0	1	[55]
0	9990	9,2297	Std	211	6	[01, 03, 01, EC, C8, FE]
0	9991	9,2302	Std	8	1	[03]
0	9992	9,2304	Std	10	6	[00, 03, 01, EC, CF, 44]
0	9993	9,2337	Std	281	4	[01, D7, A7, 5D]
0	9994	9,2344	Std	0	1	[55]
0	9995	9,2347	Std	211	6	[02, 03, 01, EC, CA, 54]
0	9996	9,2352	Std	8	1	[03]
0	9997	9,2354	Std	10	6	[00, 03, 01, EC, D0, 9B]
0	9998	9,2387	Std	281	4	[01, D8, A7, 5D]
0	9999	9,2394	Std	0	1	[55]
0	10000	9,2397	Std	211	6	[01, 03, 01, EC, CB, AB]
0	10001	9,2402	Std	8	1	[03]
0	10002	9,2404	Std	10	6	[00, 03, 01, EC, D1, F3]
0	10003	9,2437	Std	281	4	[01, D7, A7, 5D]
0	10004	9,2444	Std	0	1	[55]
0	10005	9,2447	Std	211	6	[02, 03, 01, EC, CD, 01]
0	10006	9,2452	Std	80	1	[01]
0	10007	9,2453	Std	8	1	[03]
0	10008	9,2455	Std	10	6	[00, 03, 01, EC, D3, 4A]
0	10009	9,2480	Std	209	3	[03, FF, FF]
0	10010	9,2487	Std	281	4	[01, D7, A7, 5D]
0	10011	9,2494	Std	0	1	[55]
0	10012	9,2497	Std	211	6	[01, 03, 01, EC, CE, 58]
0	10013	9,2502	Std	8	1	[03]
0	10014	9,2504	Std	10	6	[00, 03, 01, EC, D4, A1]
0	10015	9,2537	Std	281	4	[01, D8, A7, 5E]
0	10016	9,2544	Std	0	1	[55]
0	10017	9,2547	Std	211	6	[02, 03, 01, EC, CF, AE]
0	10018	9,2552	Std	8	1	[03]
0	10019	9,2554	Std	10	6	[00, 03, 01, EC, D5, F8]
0	10020	9,2587	Std	281	4	[01, D7, A7, 5D]
0	10021	9,2594	Std	0	1	[55]
0	10022	9,2597	Std	211	6	[01, 03, 01, EC, D1, 06]
0	10023	9,2602	Std	8	1	[03]
0	10024	9,2604	Std	10	6	[00, 03, 01, EC, D7, 50]
0	10025	9,2637	Std	281	4	[01, D7, A7, 5D]
0	10026	9,2644	Std	0	1	[55]
0	10027	9,2647	Std	211	6	[02, 03, 01, EC, D2, 5D]
0	10028	9,2652	Std	8	1	[03]
0	10029	9,2654	Std	10	6	[00, 03, 01, EC, D8, A7]
0	10030	9,2684	Std	209	3	[03, FF, FF]
0	10031	9,2687	Std	281	4	[01, D7, A7, 5D]
0	10032	9,2694	Std	0	1	[55]
0	10033	9,2697	Std	211	6	[01, 03, 01, EC, D3, B4]
0	10034	9,2702	Std	8	1	[03]
0	10035	9,2704	Std	10	6	[00, 03, 01, EC, D9, FE]
0	10036	9,2737	Std	281	4	[01, D7, A7, 5D]
0	10037	9,2744	Std	0	1	[55]
0	10038	9,2747	Std	211	6	[02, 03, 01, EC, D5, 0B]
0	10039	9,2752	Std	8	1	[03]
0	10040	9,2754	Std	10	6	[00, 03, 01, EC, DB, 55]
0	10041	9,2787	Std	281	4	[01, D7, A7, 5D]
0	10042	9,2794	Std	0	1	[55]
0	10043	9,2797	Std	211	6	[01, 03, 01, EC, D6, 63]
0	10044	9,2802	Std	8	1	[03]
0	10045	9,2804	Std	10	6	[00, 03, 01, EC, DC, AC]
0	10046	9,2837	Std	281	4	[01, D7, A7, 5E]
0	10047	9,2844	Std	0	1	[55]
0	10048	9,2847	Std	211	6	[02, 03, 01, EC, D7, BB]
0	10049	9,2852	Std	8	1	[03]
0	10050	9,2854	Std	10	6	[00, 03, 01, EC, DE, 04]
0	10051	9,2856	Std	410	4	[1D, 9D, 03, 12]
0	10052	9,2858	Std	411	4	[1D, 9D, 03, 12]
0	10053	9,2887	Std	281	4	[01, D7, A7, 5D]
0	10054	9,2889	Std	209	3	[03, FF, FF]
0	10055	9,2894	Std	0	1	[55]
0	10056	9,2897	Std	211	6	[01, 03, 01, EC, D9, 14]
0	10057	9,2902	Std	8	1	[03]
0	10058	9,2904	Std	10	6	[00, 03, 01, EC, DF, 5B]
0	10059	9,2937	Std	281	4	[01, D7, A7, 5D]
0	10060	9,2944	Std	0	1	[55]
0	10061	9,2947	Std	211	6	[02, 03, 01, EC, DA, 6A]
0	10062	9,2952	Std	8	1	[03]
0	10063	9,2954	Std	10	6	[00, 03, 01, EC, E0, B2]
0	10064	9,2987	Std	281	4	[01, D7, A7, 5D]
0	10065	9,2994	Std	0	1	[55]
0	10066	9,2997	Std	211	6	[01, 03, 01, EC, DB, C2]
0	10067	9,3002	Std	8	1	[03]
0	10068	9,3004	Std	10	6	[00, 03, 01, EC, E2, 09]
0	10069	9,3037	Std	281	4	[01, D7, A7, 5E]
0	10070	9,3044	Std	0	1	[55]
0	10071	9,3047	Std	211	6	[02, 03, 01, EC, DD, 19]
0	10072	9,3052	Std	8	1	[03]
0	10073	9,3054	Std	10	6	[00, 03, 01, EC, E3, 61]
0	10074	9,3087	Std	281	4	[01, D7, A7, 5D]
0	10075	9,3092	Std	209	3	[03, FF, FF]
0	10076	9,3094	Std	0	1	[55]
0	10077	9,3097	Std	211	6	[01, 03, 01, EC, DE, 70]
0	10078	9,3102	Std	8	1	[03]
0	10079	9,3104	Std	10	6	[00, 03, 01, EC, E4, B8]
0	10080	9,3137	Std	281	4	[01, D7, A7, 5D]
0	10081	9,3144	Std	0	1	[55]
0	10082	9,3147	Std	211	6	[02, 03, 01, EC, DF, C4]
0	10083	9,3152	Std	8	1	[03]
0	10084	9,3154	Std	10	6	[00, 03, 01, EC, E6, 0F]
0	10085	9,3187	Std	281	4	[01, D7, A7, 5D]
0	10086	9,3194	Std	0	1	[55]
0	10087	9,3197	Std	211	6	[01, 03, 01, EC, E1, 1C]
0	10088	9,3202	Std	8	1	[03]
0	10089	9,3204	Std	10	6	[00, 03, 01, EC, E7, 66]
0	10090	9,3237	Std	281	4	[01, D7, A7, 5D]
0	10091	9,3244	Std	0	1	[55]
0	10092	9,3247	Std	211	6	[02, 03, 01, EC, E2, 73]
0	10093	9,3252	Std	8	1	[03]
0	10094	9,3254	Std	10	6	[00, 03, 01, EC, E8, BD]
0	10095	9,3287	Std	281	4	[01, D7, A7, 5D]
0	10096	9,3294	Std	0	1	[55]
0	10097	9,3297	Std	211	6	[01, 03, 01, EC, E3, CB]
0	10098	9,3298	Std	209	3	[03, FF, FF]
0	10099	9,3302	Std	8	1	[03]
0	10100	9,3304	Std	10	6	[00, 03, 01, EC, EA, 15]
0	10101	9,3337	Std	281	4	[01, D7, A7, 5D]
0	10102	9,3344	Std	0	1	[55]
0	10103	9,3347	Std	211	6	[02, 03, 01, EC, E5, 22]
0	10104	9,3352	Std	8	1	[03]
0	10105	9,3354	Std	10	6	[00, 03, 01, EC, EB, 6C]
0	10106	9,3387	Std	281	4	[01, D7, A7, 5D]
0	10107	9,3394	Std	0	1	[55]
0	10108	9,3397	Std	211	6	[01, 03, 01, EC, E6, 7B]
0	10109	9,3402	Std	8	1	[03]
0	10110	9,3404	Std	10	6	[00, 03, 01, EC, EC, C3]
0	10111	9,3437	Std	281	4	[01, D7, A7, 5E]
0	10112	9,3444	Std	0	1	[55]
0	10113	9,3447	Std	211	6	[01, 03, 01, EC, E7, D3]
0	10114	9,3452	Std	8	1	[03]
0	10115	9,3454	Std	10	6	[00, 03, 01, EC, EE, 1A]
0	10116	9,3487	Std	281	4	[01, D7, A7, 5D]
0	10117	9,3494	Std	0	1	[55]
0	10118	9,3497	Std	211	6	[01, 03, 01, EC, E9, 2A]
0	10119	9,3500	Std	209	3	[03, FF, FF]
0	10120	9,3502	Std	8	1	[03]
0	10121	9,3504	Std	10	6	[00, 03, 01, EC, EF, 72]
0	10122	9,3537	Std	281	4	[01, D7, A7, 5E]
0	10123	9,3544	Std	0	1	[55]
0	10124	9,3547	Std	211	6	[02, 03, 01, EC, EA, 80]
0	10125	9,3552	Std	8	1	[03]
0	10126	9,3554	Std	10	6	[00, 03, 01, EC, F0, C9]
0	10127	9,3587	Std	281	4	[01, D7, A7, 5D]
0	10128	9,3594	Std	0	1	[55]
0	10129	9,3597	Std	211	6	[01, 03, 01, EC, EB, D8]
0	10130	9,3602	Std	8	1	[03]
0	10131	9,3604	Std	10	6	[00, 03, 01, EC, F2, 20]
0	10132	9,3637	Std	281	4	[01, D7, A7, 5D]
0	10133	9,3644	Std	0	1	[55]
0	10134	9,3647	Std	211	6	[02, 03, 01, EC, ED, 2E]
0	10135	9,3652	Std	8	1	[03]
0	10136	9,3654	Std	10	6	[00, 03, 01, EC, F3, 77]
0	10137	9,3687	Std	281	4	[01, D7, A7, 5D]
0	10138	9,3694	Std	0	1	[55]
0	10139	9,3697	Std	211	6	[01, 03, 01, EC, EE, 85]
0	10140	9,3702	Std	8	1	[03]
0	10141	9,3704	Std	10	6	[00, 03, 01, EC, F4, CE]
0	10142	9,3705	Std	209	3	[03, FF, FF]
0	10143	9,3737	Std	281	4	[01, D7, A7, 5D]
0	10144	9,3744	Std	0	1	[55]
0	10145	9,3747	Std	211	6	[02, 03, 01, EC, EF, DB]
0	10146	9,3752	Std	8	1	[03]
0	10147	9,3754	Std	10	6	[00, 03, 01, EC, F6, 26]
0	10148	9,3787	Std	281	4	[01, D7, A7, 5D]
0	10149	9,3794	Std	0	1	[55]
0	10150	9,3797	Std	211	6	[00, 03, 01, EC, F1, 34]
0	10151	9,3802	Std	8	1	[03]
0	10152	9,3804	Std	10	6	[00, 03, 01, EC, F7, 7D]
0	10153	9,3837	Std	281	4	[01, D7, A7, 5D]
0	10154	9,3844	Std	0	1	[55]
0	10155	9,3847	Std	211	6	[02, 03, 01, EC, F2, 8B]
0	10156	9,3852	Std	8	1	[03]
0	10157	9,3854	Std	10	6	[00, 03, 01, EC, F8, D4]
0	10158	9,3887	Std	281	4	[01, D7, A7, 5D]
0	10159	9,3894	Std	0	1	[55]
0	10160	9,3897	Std	211	6	[01, 03, 01, EC, F3, E2]
0	10161	9,3902	Std	8	1	[03]
0	10162	9,3904	Std	10	6	[00, 03, 01, EC, FA, 2B]
0	10163	9,3905	Std	410	4	[1D, 9D, 03, 0E]
0	10164	9,3908	Std	411	4	[1D, 9D, 03, 0E]
0	10165	9,3910	Std	209	3	[03, FF, FF]
0	10166	9,3937	Std	281	4	[01, D7, A7, 5D]
0	10167	9,3944	Std	0	1	[55]
0	10168	9,3947	Std	211	6	[02, 03, 01, EC, F5, 39]
0	10169	9,3952	Std	8	1	[03]
0	10170	9,3954	Std	10	6	[00, 03, 01, EC, FB, 83]
0	10171	9,3987	Std	281	4	[01, D7, A7, 5D]
0	10172	9,3994	Std	0	1	[55]
0	10173	9,3997	Std	211	6	[00, 03, 01, EC, F6, 93]
0	10174	9,4002	Std	8	1	[03]
0	10175	9,4004	Std	10	6	[00, 03, 01, EC, FC, DA]
0	10176	9,4037	Std	281	4	[01, D7, A7, 5D]
0	10177	9,4044	Std	0	1	[55]
0	10178	9,4047	Std	211	6	[02, 03, 01, EC, F7, EA]
0	10179	9,4052	Std	8	1	[03]
0	10180	9,4054	Std	10	6	[00, 03, 01, EC, FE, 31]
0	10181	9,4087	Std	281	4	[01, D7, A7, 5D]
0	10182	9,4094	Std	0	1	[55]
0	10183	9,4097	Std	211	6	[01, 03, 01, EC, F9, 41]
0	10184	9,4102	Std	8	1	[03]
0	10185	9,4104	Std	10	6	[00, 03, 01, EC, FF, 88]
0	10186	9,4113	Std	209	3	[03, FF, FF]
0	10187	9,4137	Std	281	4	[01, D7, A7, 5D]
0	10188	9,4144	Std	0	1	[55]
0	10189	9,4147	Std	211	6	[02, 03, 01, EC, FA, 99]
0	10190	9,4152	Std	8	1	[03]
0	10191	9,4154	Std	10	6	[00, 03, 01, ED, 00, DF]
0	10192	9,4187	Std	281	4	[01, D7, A7, 5D]
0	10193	9,4194	Std	0	1	[55]
0	10194	9,4197	Std	211	6	[00, 03, 01, EC, FB, F1]
0	10195	9,4202	Std	8	1	[03]
0	10196	9,4204	Std	10	6	[00, 03, 01, ED, 02, 37]
0	10197	9,4237	Std	281	4	[01, D7, A7, 5D]
0	10198	9,4244	Std	0	1	[55]
0	10199	9,4247	Std	211	6	[02, 03, 01, EC, FD, 46]
0	10200	9,4252	Std	8	1	[03]
0	10201	9,4254	Std	10	6	[00, 03, 01, ED, 03, 8E]
0	10202	9,4287	Std	281	4	[01, D7, A7, 5D]
0	10203	9,4294	Std	0	1	[55]
0	10204	9,4297	Std	211	6	[01, 03, 01, EC, FE, 9C]
0	10205	9,4302	Std	8	1	[03]
0	10206	9,4304	Std	10	6	[00, 03, 01, ED, 04, E5]
0	10207	9,4316	Std	209	3	[03, FF, FF]
0	10208	9,4337	Std	281	4	[01, D7, A7, 5D]
0	10209	9,4344	Std	0	1	[55]
0	10210	9,4347	Std	211	6	[02, 03, 01, EC, FF, F2]
0	10211	9,4352	Std	8	1	[03]
0	10212	9,4354	Std	10	6	[00, 03, 01, ED, 06, 3C]
0	10213	9,4387	Std	281	4	[01, D7, A7, 5D]
0	10214	9,4394	Std	0	1	[55]
0	10215	9,4397	Std	211	6	[01, 03, 01, ED, 01, 4B]
0	10216	9,4402	Std	8	1	[03]
0	10217	9,4404	Std	10	6	[00, 03, 01, ED, 07, 94]
0	10218	9,4437	Std	281	4	[01, D7, A7, 5D]
0	10219	9,4444	Std	0	1	[55]
0	10220	9,4447	Std	211	6	[02, 03, 01, ED, 02, A0]
0	10221	9,4452	Std	8	1	[03]
0	10222	9,4454	Std	10	6	[00, 03, 01, ED, 08, EB]
0	10223	9,4487	Std	281	4	[01, D7, A7, 5D]
0	10224	9,4494	Std	0	1	[55]
0	10225	9,4497	Std	211	6	[01, 03, 01, ED, 03, F9]
0	10226	9,4502	Std	8	1	[03]
0	10227	9,4504	Std	10	6	[00, 03, 01, ED, 0A, 42]
0	10228	9,4521	Std	209	3	[03, FF, FF]
0	10229	9,4537	Std	281	4	[01, D7, A7, 5D]
0	10230	9,4544	Std	0	1	[55]
0	10231	9,4547	Std	211	6	[02, 03, 01, ED, 05, 51]
0	10232	9,4552	Std	8	1	[03]
0	10233	9,4554	Std	10	6	[00, 03, 01, ED, 0B, 99]
0	10234	9,4587	Std	281	4	[01, D7, A7, 5D]
0	10235	9,4594	Std	0	1	[55]
0	10236	9,4597	Std	211	6	[01, 03, 01, ED, 06, AA]
0	10237	9,4602	Std	8	1	[03]
0	10238	9,4604	Std	10	6	[00, 03, 01, ED, 0C, F0]
0	10239	9,4637	Std	281	4	[01, D7, A7, 5E]
0	10240	9,4644	Std	0	1	[55]
0	10241	9,4647	Std	211	6	[02, 03, 01, ED, 08, 00]
0	10242	9,4652	Std	8	1	[03]
0	10243	9,4654	Std	10	6	[00, 03, 01, ED, 0E, 48]
0	10244	9,4687	Std	281	4	[01, D7, A7, 5D]
0	10245	9,4694	Std	0	1	[55]
0	10246	9,4697	Std	211	6	[01, 03, 01, ED, 09, 57]
0	10247	9,4702	Std	8	1	[03]
0	10248	9,4704	Std	10	6	[00, 03, 01, ED, 0F, 9F]
0	10249	9,4725	Std	209	3	[03, FF, FF]
0	10250	9,4737	Std	281	4	[01, D7, A7, 5D]
0	10251	9,4744	Std	0	1	[55]
0	10252	9,4747	Std	211	6	[02, 03, 01, ED, 0A, AD]
0	10253	9,4752	Std	8	1	[03]
0	10254	9,4754	Std	10	6	[00, 03, 01, ED, 10, F6]
0	10255	9,4787	Std	281	4	[01, D7, A7, 5D]
0	10256	9,4794	Std	0	1	[55]
0	10257	9,4797	Std	211	6	[01, 03, 01, ED, 0C, 05]
0	10258	9,4802	Std	8	1	[03]
0	10259	9,4804	Std	10	6	[00, 03, 01, ED, 12, 4D]
0	10260	9,4805	Std	408	4	[00, 63, 00, 16]
0	10261	9,4809	Std	409	4	[00, 16, 00, B8]
0	10262	9,4837	Std	281	4	[01, D7, A7, 5D]
0	10263	9,4844	Std	0	1	[55]
0	10264	9,4847	Std	211	6	[02, 03, 01, ED, 0D, 5A]
0	10265	9,4852	Std	8	1	[03]
0	10266	9,4854	Std	10	6	[00, 03, 01, ED, 13, A4]
0	10267	9,4887	Std	281	4	[01, D8, A7, 5E]
0	10268	9,4894	Std	0	1	[55]
0	10269	9,4897	Std	211	6	[01, 03, 01, ED, 0E, B2]
0	10270	9,4902	Std	8	1	[03]
0	10271	9,4904	Std	10	6	[00, 03, 01, ED, 14, FC]
0	10272	9,4905	Std	410	4	[FF, 1C, 00, 00]
0	10273	9,4908	Std	411	4	[FF, 1C, 03, DD]
0	10274	9,4929	Std	209	3	[03, FF, FF]
0	10275	9,4937	Std	281	4	[01, D7, A7, 5D]
0	10276	9,4944	Std	0	1	[55]
0	10277	9,4947	Std	211	6	[02, 03, 01, ED, 10, 09]
0	10278	9,4952	Std	8	1	[03]
0	10279	9,4954	Std	10	6	[00, 03, 01, ED, 16, 53]
0	10280	9,4956	Std	410	4	[1D, 9D, 03, 0A]
0	10281	9,4958	Std	411	4	[1D, 9D, 03, 0A]
0	10282	9,4987	Std	281	4	[01, D7, A7, 5D]
0	10283	9,4994	Std	0	1	[55]
0	10284	9,4997	Std	211	6	[01, 03, 01, ED, 11, 61]
0	10285	9,5002	Std	8	1	[03]
0	10286	9,5004	Std	10	6	[00, 03, 01, ED, 17, AA]
0	10287	9,5037	Std	281	4	[01, D8, A7, 5E]
0	10288	9,5044	Std	0	1	[55]
0	10289	9,5047	Std	211	6	[02, 03, 01, ED, 12, B6]
0	10290	9,5052	Std	8	1	[03]
0	10291	9,5054	Std	10	6	[00, 03, 01, ED, 19, 01]
0	10292	9,5087	Std	281	4	[01, D7, A7, 5D]
0	10293	9,5094	Std	0	1	[55]
0	10294	9,5097	Std	211	6	[01, 03, 01, ED, 14, 0E]
0	10295	9,5102	Std	8	1	[03]
0	10296	9,5104	Std	10	6	[00, 03, 01, ED, 1A, 59]
0	10297	9,5132	Std	209	3	[03, FF, FF]
0	10298	9,5137	Std	281	4	[01, D7, A7, 5D]
0	10299	9,5144	Std	0	1	[55]
0	10300	9,5147	Std	211	6	[02, 03, 01, ED, 15, 67]
0	10301	9,5152	Std	8	1	[03]
0	10302	9,5154	Std	10	6	[00, 03, 01, ED, 1B, B0]
0	10303	9,5187	Std	281	4	[01, D7, A7, 5D]
0	10304	9,5194	Std	0	1	[55]
0	10305	9,5197	Std	211	6	[00, 03, 01, ED, 16, C0]
0	10306	9,5202	Std	8	1	[03]
0	10307	9,5204	Std	10	6	[00, 03, 01, ED, 1D, 07]
0	10308	9,5237	Std	281	4	[01, D8, A7, 5D]
0	10309	9,5244	Std	0	1	[55]
0	10310	9,5247	Std	211	6	[02, 03, 01, ED, 18, 16]
0	10311	9,5252	Std	8	1	[03]
0	10312	9,5254	Std	10	6	[00, 03, 01, ED, 1E, 5E]
0	10313	9,5287	Std	281	4	[01, D7, A7, 5E]
0	10314	9,5294	Std	0	1	[55]
0	10315	9,5297	Std	211	6	[00, 03, 01, ED, 19, 6F]
0	10316	9,5302	Std	8	1	[03]
0	10317	9,5304	Std	10	6	[00, 03, 01, ED, 1F, B5]
0	10318	9,5337	Std	281	4	[01, D7, A7, 5D]
0	10319	9,5338	Std	209	3	[03, FF, FF]
0	10320	9,5344	Std	0	1	[55]
0	10321	9,5347	Std	211	6	[02, 03, 01, ED, 1A, C6]
0	10322	9,5352	Std	8	1	[03]
0	10323	9,5354	Std	10	6	[00, 03, 01, ED, 21, 0D]
0	10324	9,5387	Std	281	4	[01, D7, A7, 5D]
0	10325	9,5394	Std	0	1	[55]
0	10326	9,5397	Std	211	6	[01, 03, 01, ED, 1C, 1C]
0	10327	9,5402	Std	8	1	[03]
0	10328	9,5404	Std	10	6	[00, 03, 01, ED, 22, 64]
0	10329	9,5437	Std	281	4	[01, D7, A7, 5D]
0	10330	9,5444	Std	0	1	[55]
0	10331	9,5447	Std	211	6	[02, 03, 01, ED, 1D, 71]
0	10332	9,5452	Std	8	1	[03]
0	10333	9,5454	Std	10	6	[00, 03, 01, ED, 23, BB]
0	10334	9,5487	Std	281	4	[01, D7, A7, 5D]
0	10335	9,5494	Std	0	1	[55]
0	10336	9,5497	Std	211	6	[01, 03, 01, ED, 1E, C8]
0	10337	9,5502	Std	8	1	[03]
0	10338	9,5504	Std	10	6	[00, 03, 01, ED, 25, 12]
0	10339	9,5537	Std	281	4	[01, D7, A7, 5D]
0	10340	9,5540	Std	209	3	[03, FF, FF]
0	10341	9,5544	Std	0	1	[55]
0	10342	9,5547	Std	211	6	[02, 03, 01, ED, 20, 1F]
0	10343	9,5552	Std	8	1	[03]
0	10344	9,5554	Std	10	6	[00, 03, 01, ED, 26, 6A]
0	10345	9,5587	Std	281	4	[01, D7, A7, 5D]
0	10346	9,5594	Std	0	1	[55]
0	10347	9,5597	Std	211	6	[01, 03, 01, ED, 21, 77]
0	10348	9,5602	Std	8	1	[03]
0	10349	9,5604	Std	10	6	[00, 03, 01, ED, 27, C1]
0	10350	9,5637	Std	281	4	[01, D7, A7, 5D]
0	10351	9,5644	Std	0	1	[55]
0	10352	9,5647	Std	211	6	[02, 03, 01, ED, 22, CE]
0	10353	9,5652	Std	8	1	[03]
0	10354	9,5654	Std	10	6	[00, 03, 01, ED, 29, 18]
0	10355	9,5687	Std	281	4	[01, D7, A7, 5D]
0	10356	9,5694	Std	0	1	[55]
0	10357	9,5697	Std	211	6	[00, 03, 01, ED, 24, 28]
0	10358	9,5702	Std	8	1	[03]
0	10359	9,5704	Std	10	6	[00, 03, 01, ED, 2A, 6F]
0	10360	9,5737	Std	281	4	[01, D7, A7, 5E]
0	10361	9,5744	Std	209	3	[03, FF, FF]
0	10362	9,5745	Std	0	1	[55]
0	10363	9,5749	Std	211	6	[02, 03, 01, ED, 25, 8D]
0	10364	9,5752	Std	8	1	[03]
0	10365	9,5754	Std	10	6	[00, 03, 01, ED, 2B, C6]
0	10366	9,5787	Std	281	4	[01, D7, A7, 5D]
0	10367	9,5794	Std	0	1	[55]
0	10368	9,5797	Std	211	6	[01, 03, 01, ED, 26, D6]
0	10369	9,5802	Std	8	1	[03]
0	10370	9,5804	Std	10	6	[00, 03, 01, ED, 2D, 1E]
0	10371	9,5837	Std	281	4	[01, D7, A7, 5D]
0	10372	9,5844	Std	0	1	[55]
0	10373	9,5847	Std	211	6	[02, 03, 01, ED, 28, 2C]
0	10374	9,5852	Std	8	1	[03]
0	10375	9,5854	Std	10	6	[00, 03, 01, ED, 2E, 75]
0	10376	9,5887	Std	281	4	[01, D7, A7, 5D]
0	10377	9,5894	Std	0	1	[55]
0	10378	9,5897	Std	211	6	[01, 03, 01, ED, 29, 85]
0	10379	9,5902	Std	8	1	[03]
0	10380	9,5904	Std	10	6	[00, 03, 01, ED, 2F, CC]
0	10381	9,5937	Std	281	4	[01, D7, A7, 5D]
0	10382	9,5944	Std	0	1	[55]
0	10383	9,5947	Std	211	6	[02, 03, 01, ED, 2A, DA]
0	10384	9,5949	Std	209	3	[03, FF, FF]
0	10385	9,5952	Std	8	1	[03]
0	10386	9,5954	Std	10	6	[00, 03, 01, ED, 31, 23]
0	10387	9,5987	Std	281	4	[01, D7, A7, 5D]
0	10388	9,5994	Std	0	1	[55]
0	10389	9,5997	Std	211	6	[01, 03, 01, ED, 2C, 31]
0	10390	9,6002	Std	8	1	[03]
0	10391	9,6004	Std	10	6	[00, 03, 01, ED, 32, 7B]
0	10392	9,6006	Std	410	4	[1D, 9D, 03, 12]
0	10393	9,6008	Std	411	4	[1D, 9D, 03, 12]
0	10394	9,6037	Std	281	4	[01, D8, A7, 5D]
0	10395	9,6044	Std	0	1	[55]
0	10396	9,6047	Std	211	6	[02, 03, 01, ED, 2D, 87]
0	10397	9,6052	Std	8	1	[03]
0	10398	9,6054	Std	10	6	[00, 03, 01, ED, 33, D2]
0	10399	9,6087	Std	281	4	[01, D7, A7, 5D]
0	10400	9,6094	Std	0	1	[55]
0	10401	9,6097	Std	211	6	[01, 03, 01, ED, 2E, E0]
0	10402	9,6102	Std	8	1	[03]
0	10403	9,6104	Std	10	6	[00, 03, 01, ED, 35, 29]
0	10404	9,6137	Std	281	4	[01, D7, A7, 5D]
0	10405	9,6144	Std	0	1	[55]
0	10406	9,6147	Std	211	6	[02, 03, 01, ED, 30, 36]
0	10407	9,6152	Std	8	1	[03]
0	10408	9,6154	Std	10	6	[00, 03, 01, ED, 36, 80]
0	10409	9,6156	Std	209	3	[03, FF, FF]
0	10410	9,6187	Std	281	4	[01, D7, A7, 5D]
0	10411	9,6194	Std	0	1	[55]
0	10412	9,6197	Std	211	6	[01, 03, 01, ED, 31, 8E]
0	10413	9,6202	Std	8	1	[03]
0	10414	9,6204	Std	10	6	[00, 03, 01, ED, 37, D7]
0	10415	9,6237	Std	281	4	[01, D7, A7, 5D]
0	10416	9,6244	Std	0	1	[55]
0	10417	9,6247	Std	211	6	[02, 03, 01, ED, 32, E5]
0	10418	9,6252	Std	8	1	[03]
0	10419	9,6254	Std	10	6	[00, 03, 01, ED, 39, 2F]
0	10420	9,6287	Std	281	4	[01, D7, A7, 5D]
0	10421	9,6294	Std	0	1	[55]
0	10422	9,6297	Std	211	6	[00, 03, 01, ED, 34, 3F]
0	10423	9,6302	Std	8	1	[03]
0	10424	9,6304	Std	10	6	[00, 03, 01, ED, 3A, 86]
0	10425	9,6337	Std	281	4	[01, D7, A7, 5D]
0	10426	9,6344	Std	0	1	[55]
0	10427	9,6347	Std	211	6	[02, 03, 01, ED, 35, 96]
0	10428	9,6352	Std	8	1	[03]
0	10429	9,6354	Std	10	6	[00, 03, 01, ED, 3B, DD]
0	10430	9,6357	Std	209	3	[03, FF, FF]
0	10431	9,6387	Std	281	4	[01, D7, A7, 5D]
0	10432	9,6394	Std	0	1	[55]
0	10433	9,6397	Std	211	6	[01, 03, 01, ED, 36, ED]
0	10434	9,6402	Std	8	1	[03]
0	10435	9,6404	Std	10	6	[00, 03, 01, ED, 3D, 34]
0	10436	9,6437	Std	281	4	[01, D7, A7, 5D]
0	10437	9,6444	Std	0	1	[55]
0	10438	9,6447	Std	211	6	[02, 03, 01, ED, 38, 45]
0	10439	9,6452	Std	8	1	[03]
0	10440	9,6454	Std	10	6	[00, 03, 01, ED, 3E, 8C]
0	10441	9,6487	Std	281	4	[01, D7, A7, 5D]
0	10442	9,6494	Std	0	1	[55]
0	10443	9,6497	Std	211	6	[01, 03, 01, ED, 39, 9D]
0	10444	9,6501	Std	80	1	[01]
0	10445	9,6503	Std	8	1	[03]
0	10446	9,6505	Std	10	6	[00, 03, 01, ED, 3F, E3]
0	10447	9,6537	Std	281	4	[01, D7, A7, 5D]
0	10448	9,6544	Std	0	1	[55]
0	10449	9,6547	Std	211	6	[02, 03, 01, ED, 3A, F2]
0	10450	9,6552	Std	8	1	[03]
0	10451	9,6554	Std	10	6	[00, 03, 01, ED, 41, 3A]
0	10452	9,6561	Std	209	3	[03, FF, FF]
0	10453	9,6586	Std	281	4	[01, D7, A7, 5D]
0	10454	9,6594	Std	0	1	[55]
0	10455	9,6597	Std	211	6	[01, 03, 01, ED, 3C, 48]
0	10456	9,6602	Std	8	1	[03]
0	10457	9,6604	Std	10	6	[00, 03, 01, ED, 42, 91]
0	10458	9,6637	Std	281	4	[01, D7, A7, 5D]
0	10459	9,6644	Std	0	1	[55]
0	10460	9,6647	Std	211	6	[02, 03, 01, ED, 3D, 9E]
0	10461	9,6652	Std	8	1	[03]
0	10462	9,6654	Std	10	6	[00, 03, 01, ED, 43, E8]
0	10463	9,6687	Std	281	4	[01, D7, A7, 5D]
0	10464	9,6694	Std	0	1	[55]
0	10465	9,6697	Std	211	6	[01, 03, 01, ED, 3E, F6]
0	10466	9,6702	Std	8	1	[03]
0	10467	9,6704	Std	10	6	[00, 03, 01, ED, 45, 40]
0	10468	9,6737	Std	281	4	[01, D7, A7, 5D]
0	10469	9,6744	Std	0	1	[55]
0	10470	9,6747	Std	211	6	[02, 03, 01, ED, 40, 4D]
0	10471	9,6752	Std	8	1	[03]
0	10472	9,6754	Std	10	6	[00, 03, 01, ED, 46, 97]
0	10473	9,6765	Std	209	3	[03, FF, FF]
0	10474	9,6786	Std	281	4	[01, D7, A7, 5D]
0	10475	9,6794	Std	0	1	[55]
0	10476	9,6797	Std	211	6	[01, 03, 01, ED, 41, A5]
0	10477	9,6802	Std	8	1	[03]
0	10478	9,6804	Std	10	6	[00, 03, 01, ED, 47, EE]
0	10479	9,6836	Std	281	4	[01, D7, A7, 5D]
0	10480	9,6844	Std	0	1	[55]
0	10481	9,6847	Std	211	6	[02, 03, 01, ED, 42, FD]
0	10482	9,6852	Std	8	1	[03]
0	10483	9,6854	Std	10	6	[00, 03, 01, ED, 49, 45]
0	10484	9,6887	Std	281	4	[01, D7, A7, 5D]
0	10485	9,6894	Std	0	1	[55]
0	10486	9,6897	Std	211	6	[01, 03, 01, ED, 44, 56]
0	10487	9,6902	Std	8	1	[03]
0	10488	9,6904	Std	10	6	[00, 03, 01, ED, 4A, 9D]
0	10489	9,6937	Std	281	4	[01, D8, A7, 5D]
0	10490	9,6944	Std	0	1	[55]
0	10491	9,6947	Std	211	6	[02, 03, 01, ED, 45, AC]
0	10492	9,6952	Std	8	1	[03]
0	10493	9,6954	Std	10	6	[00, 03, 01, ED, 4B, F4]
0	10494	9,6969	Std	209	3	[03, FF, FF]
0	10495	9,6986	Std	281	4	[01, D7, A7, 5D]
0	10496	9,6994	Std	0	1	[55]
0	10497	9,6997	Std	211	6	[01, 03, 01, ED, 47, 03]
0	10498	9,7002	Std	8	1	[03]
0	10499	9,7004	Std	10	6	[00, 03, 01, ED, 4D, 4B]
0	10500	9,7036	Std	281	4	[01, D7, A7, 5D]
0	10501	9,7044	Std	0	1	[55]
0	10502	9,7047	Std	211	6	[02, 03, 01, ED, 48, 5A]
0	10503	9,7052	Std	8	1	[03]
0	10504	9,7054	Std	10	6	[00, 03, 01, ED, 4E, A2]
0	10505	9,7056	Std	410	4	[1D, 9D, 03, 0E]
0	10506	9,7058	Std	411	4	[1D, 9D, 03, 0E]
0	10507	9,7086	Std	281	4	[01, D7, A7, 5D]
0	10508	9,7094	Std	0	1	[55]
0	10509	9,7097	Std	211	6	[01, 03, 01, ED, 49, B1]
0	10510	9,7102	Std	8	1	[03]
0	10511	9,7104	Std	10	6	[00, 03, 01, ED, 4F, F9]
0	10512	9,7136	Std	281	4	[01, D7, A7, 5D]
0	10513	9,7144	Std	0	1	[55]
0	10514	9,7147	Std	211	6	[02, 03, 01, ED, 4B, 07]
0	10515	9,7152	Std	8	1	[03]
0	10516	9,7154	Std	10	6	[00, 03, 01, ED, 51, 51]
0	10517	9,7172	Std	209	3	[03, FF, FF]
0	10518	9,7186	Std	281	4	[01, D7, A7, 5D]
0	10519	9,7194	Std	0	1	[55]
0	10520	9,7197	Std	211	6	[01, 03, 01, ED, 4C, 5E]
0	10521	9,7202	Std	8	1	[03]
0	10522	9,7204	Std	10	6	[00, 03, 01, ED, 52, A8]
0	10523	9,7236	Std	281	4	[01, D7, A7, 5D]
0	10524	9,7244	Std	0	1	[55]
0	10525	9,7247	Std	211	6	[02, 03, 01, ED, 4D, B5]
0	10526	9,7252	Std	8	1	[03]
0	10527	9,7254	Std	10	6	[00, 03, 01, ED, 53, FF]
0	10528	9,7286	Std	281	4	[01, D7, A7, 5D]
0	10529	9,7294	Std	0	1	[55]
0	10530	9,7297	Std	211	6	[01, 03, 01, ED, 4F, 0D]
0	10531	9,7302	Std	8	1	[03]
0	10532	9,7304	Std	10	6	[00, 03, 01, ED, 55, 56]
